OphioH327chr_1	75001	75001	0.501839
OphioH327chr_1	125001	125001	0.500919
OphioH327chr_1	175001	175001	0.515703
OphioH327chr_1	225001	225001	0.575068
OphioH327chr_1	275001	275001	0.464188
OphioH327chr_1	325001	325001	0.36944299999999997
OphioH327chr_1	375001	375001	0.466463
OphioH327chr_1	425001	425001	0.431767
OphioH327chr_1	475001	475001	0.49187700000000006
OphioH327chr_1	525001	525001	0.46803100000000003
OphioH327chr_1	575001	575001	0.561874
OphioH327chr_1	625001	625001	0.694489
OphioH327chr_1	675001	675001	0.682333
OphioH327chr_1	725001	725001	0.659591
OphioH327chr_1	775001	775001	0.525871
OphioH327chr_1	825001	825001	0.46543500000000004
OphioH327chr_1	875001	875001	0.629253
OphioH327chr_1	925001	925001	0.669184
OphioH327chr_1	975001	975001	0.698625
OphioH327chr_1	1025001	1025001	0.583892
OphioH327chr_1	1075001	1075001	0.668854
OphioH327chr_1	1125001	1125001	0.617099
OphioH327chr_1	1175001	1175001	0.629718
OphioH327chr_1	1225001	1225001	0.624321
OphioH327chr_1	1275001	1275001	0.512712
OphioH327chr_1	1325001	1325001	0.547146
OphioH327chr_1	1375001	1375001	0.730879
OphioH327chr_1	1425001	1425001	0.7112189999999999
OphioH327chr_1	1475001	1475001	0.366095
OphioH327chr_1	1525001	1525001	0.71449
OphioH327chr_1	1575001	1575001	0.7447729999999999
OphioH327chr_1	1625001	1625001	0.677416
OphioH327chr_1	1675001	1675001	0.561595
OphioH327chr_1	1725001	1725001	0.597963
OphioH327chr_1	1775001	1775001	0.607901
OphioH327chr_1	1825001	1825001	0.610859
OphioH327chr_1	1875001	1875001	0.691801
OphioH327chr_1	1925001	1925001	0.479667
OphioH327chr_1	1975001	1975001	0.573279
OphioH327chr_1	2025001	2025001	0.709592
OphioH327chr_1	2075001	2075001	0.714699
OphioH327chr_1	2125001	2125001	0.686565
OphioH327chr_1	2175001	2175001	0.6596569999999999
OphioH327chr_1	2225001	2225001	0.706308
OphioH327chr_1	2275001	2275001	0.606647
OphioH327chr_1	2325001	2325001	0.687228
OphioH327chr_1	2375001	2375001	0.6033310000000001
OphioH327chr_1	2425001	2425001	0.676786
OphioH327chr_1	2475001	2475001	0.618871
OphioH327chr_1	2525001	2525001	0.620033
OphioH327chr_1	2575001	2575001	0.629767
OphioH327chr_1	2625001	2625001	0.612394
OphioH327chr_1	2675001	2675001	0.723214
OphioH327chr_1	2725001	2725001	0.725646
OphioH327chr_1	2775001	2775001	0.657822
OphioH327chr_1	2825001	2825001	0.718658
OphioH327chr_1	2875001	2875001	0.595954
OphioH327chr_1	2925001	2925001	0.48336999999999997
OphioH327chr_1	2975001	2975001	0.556121
OphioH327chr_1	3025001	3025001	0.442963
OphioH327chr_1	3075001	3075001	0.456016
OphioH327chr_1	3125001	3125001	0.373607
OphioH327chr_1	3175001	3175001	0.46304399999999996
OphioH327chr_1	3225001	3225001	0.47303599999999996
OphioH327chr_1	3275001	3275001	0.656567
OphioH327chr_1	3325001	3325001	0.57065
OphioH327chr_1	3375001	3375001	0.564461
OphioH327chr_1	3425001	3425001	0.444346
OphioH327chr_1	3475001	3475001	0.49766400000000005
OphioH327chr_1	3525001	3525001	0.649179
OphioH327chr_1	3575001	3575001	0.636111
OphioH327chr_1	3625001	3625001	0.575149
OphioH327chr_1	3675001	3675001	0.553673
OphioH327chr_1	3725001	3725001	0.636306
OphioH327chr_1	3775001	3775001	0.543656
OphioH327chr_1	3825001	3825001	0.6507890000000001
OphioH327chr_1	3875001	3875001	0.6037819999999999
OphioH327chr_1	3925001	3925001	0.470129
OphioH327chr_1	3975001	3975001	0.377025
OphioH327chr_1	4025001	4025001	0.569751
OphioH327chr_1	4075001	4075001	0.5858180000000001
OphioH327chr_1	4125001	4125001	0.48537399999999997
OphioH327chr_1	4175001	4175001	0.509678
OphioH327chr_1	4225001	4225001	0.47813100000000003
OphioH327chr_1	4275001	4275001	0.533652
OphioH327chr_1	4325001	4325001	0.500084
OphioH327chr_1	4375001	4375001	0.675226
OphioH327chr_1	4425001	4425001	0.776798
OphioH327chr_1	4475001	4475001	0.449776
OphioH327chr_1	4525001	4525001	0.397972
OphioH327chr_1	4575001	4575001	0.595391
OphioH327chr_1	4625001	4625001	0.601003
OphioH327chr_1	4675001	4675001	0.5750569999999999
OphioH327chr_1	4725001	4725001	0.538995
OphioH327chr_1	4775001	4775001	0.560942
OphioH327chr_1	4825001	4825001	0.576968
OphioH327chr_1	4875001	4875001	0.537737
OphioH327chr_1	4925001	4925001	0.550014
OphioH327chr_1	4975001	4975001	0.6152770000000001
OphioH327chr_1	5025001	5025001	0.625026
OphioH327chr_1	5075001	5075001	0.704569
OphioH327chr_1	5125001	5125001	0.5318689999999999
OphioH327chr_1	5175001	5175001	0.594213
OphioH327chr_1	5225001	5225001	0.538916
OphioH327chr_1	5275001	5275001	0.6366310000000001
OphioH327chr_1	5325001	5325001	0.6934560000000001
OphioH327chr_1	5375001	5375001	0.659664
OphioH327chr_1	5425001	5425001	0.608033
OphioH327chr_1	5475001	5475001	0.6857439999999999
OphioH327chr_1	5525001	5525001	0.6970310000000001
OphioH327chr_1	5575001	5575001	0.702508
OphioH327chr_1	5625001	5625001	0.60755
OphioH327chr_1	5675001	5675001	0.675825
OphioH327chr_1	5725001	5725001	0.672005
OphioH327chr_1	5775001	5775001	0.507223
OphioH327chr_1	5825001	5825001	0.705283
OphioH327chr_1	5875001	5875001	0.6868529999999999
OphioH327chr_1	5925001	5925001	0.671775
OphioH327chr_1	5975001	5975001	0.72404
OphioH327chr_1	6025001	6025001	0.6680189999999999
OphioH327chr_1	6075001	6075001	0.396122
OphioH327chr_1	6125001	6125001	0.605208
OphioH327chr_1	6175001	6175001	0.482865
OphioH327chr_1	6225001	6225001	0.6919890000000001
OphioH327chr_1	6275001	6275001	0.490845
OphioH327chr_1	6325001	6325001	0.7758550000000001
OphioH327chr_1	6375001	6375001	0.6514979999999999
OphioH327chr_1	6425001	6425001	0.804462
OphioH327chr_1	6475001	6475001	0.802732
OphioH327chr_1	6525001	6525001	0.776836
OphioH327chr_1	6575001	6575001	0.822557
OphioH327chr_1	6625001	6625001	0.767093
OphioH327chr_1	6675001	6675001	0.758533
OphioH327chr_1	6725001	6725001	0.84286
OphioH327chr_1	6775001	6775001	0.862568
OphioH327chr_1	6825001	6825001	0.8399559999999999
OphioH327chr_1	6875001	6875001	0.843299
OphioH327chr_2	25001	25001	0.47508599999999995
OphioH327chr_2	75001	75001	0.5352279999999999
OphioH327chr_2	125001	125001	0.350207
OphioH327chr_2	175001	175001	0.797713
OphioH327chr_2	225001	225001	0.762914
OphioH327chr_2	275001	275001	0.887164
OphioH327chr_2	325001	325001	0.917632
OphioH327chr_2	375001	375001	0.907315
OphioH327chr_2	425001	425001	0.8773629999999999
OphioH327chr_2	475001	475001	0.7029489999999999
OphioH327chr_2	525001	525001	0.705596
OphioH327chr_2	575001	575001	0.6998840000000001
OphioH327chr_2	625001	625001	0.502622
OphioH327chr_2	675001	675001	0.61887
OphioH327chr_2	725001	725001	0.6033810000000001
OphioH327chr_2	775001	775001	0.6327659999999999
OphioH327chr_2	825001	825001	0.692032
OphioH327chr_2	875001	875001	0.646839
OphioH327chr_2	925001	925001	0.549307
OphioH327chr_2	975001	975001	0.661513
OphioH327chr_2	1025001	1025001	0.491205
OphioH327chr_2	1125001	1125001	0.45653599999999994
OphioH327chr_2	1175001	1175001	0.594638
OphioH327chr_2	1225001	1225001	0.674892
OphioH327chr_2	1275001	1275001	0.686656
OphioH327chr_2	1325001	1325001	0.530809
OphioH327chr_2	1375001	1375001	0.549463
OphioH327chr_2	1425001	1425001	0.571825
OphioH327chr_2	1475001	1475001	0.6449600000000001
OphioH327chr_2	1525001	1525001	0.4776
OphioH327chr_2	1575001	1575001	0.5058229999999999
OphioH327chr_2	1625001	1625001	0.344983
OphioH327chr_2	1675001	1675001	0.59085
OphioH327chr_2	1725001	1725001	0.558496
OphioH327chr_2	1775001	1775001	0.626001
OphioH327chr_2	1825001	1825001	0.46188599999999996
OphioH327chr_2	1875001	1875001	0.57638
OphioH327chr_2	1925001	1925001	0.5768270000000001
OphioH327chr_2	1975001	1975001	0.5632689999999999
OphioH327chr_2	2025001	2025001	0.608522
OphioH327chr_2	2075001	2075001	0.593753
OphioH327chr_2	2125001	2125001	0.551251
OphioH327chr_2	2175001	2175001	0.570574
OphioH327chr_2	2225001	2225001	0.598449
OphioH327chr_2	2275001	2275001	0.58362
OphioH327chr_2	2325001	2325001	0.565413
OphioH327chr_2	2375001	2375001	0.561042
OphioH327chr_2	2425001	2425001	0.635844
OphioH327chr_2	2475001	2475001	0.6029720000000001
OphioH327chr_2	2525001	2525001	0.528212
OphioH327chr_2	2575001	2575001	0.592275
OphioH327chr_2	2625001	2625001	0.532091
OphioH327chr_2	2675001	2675001	0.554208
OphioH327chr_2	2725001	2725001	0.545143
OphioH327chr_2	2775001	2775001	0.628154
OphioH327chr_2	2825001	2825001	0.717693
OphioH327chr_2	2875001	2875001	0.6330640000000001
OphioH327chr_2	2925001	2925001	0.662608
OphioH327chr_2	2975001	2975001	0.803457
OphioH327chr_2	3025001	3025001	0.757927
OphioH327chr_2	3075001	3075001	0.8340879999999999
OphioH327chr_2	3125001	3125001	0.8252700000000001
OphioH327chr_2	3175001	3175001	0.792287
OphioH327chr_2	3225001	3225001	0.744753
OphioH327chr_2	3275001	3275001	0.8105399999999999
OphioH327chr_2	3325001	3325001	0.845857
OphioH327chr_2	3375001	3375001	0.772587
OphioH327chr_2	3425001	3425001	0.837242
OphioH327chr_2	3475001	3475001	0.779323
OphioH327chr_2	3525001	3525001	0.474804
OphioH327chr_2	3575001	3575001	0.45273599999999997
OphioH327chr_2	3625001	3625001	0.780018
OphioH327chr_2	3675001	3675001	0.81258
OphioH327chr_2	3725001	3725001	0.805529
OphioH327chr_2	3825001	3825001	0.78152
OphioH327chr_2	3875001	3875001	0.808199
OphioH327chr_2	3925001	3925001	0.303998
OphioH327chr_2	3975001	3975001	0.396486
OphioH327chr_2	4025001	4025001	0.636862
OphioH327chr_2	4075001	4075001	0.7116979999999999
OphioH327chr_2	4125001	4125001	0.6500630000000001
OphioH327chr_2	4175001	4175001	0.705869
OphioH327chr_2	4225001	4225001	0.655777
OphioH327chr_2	4275001	4275001	0.5225850000000001
OphioH327chr_2	4325001	4325001	0.39573400000000003
OphioH327chr_2	4375001	4375001	0.667948
OphioH327chr_2	4425001	4425001	0.689275
OphioH327chr_2	4475001	4475001	0.606765
OphioH327chr_2	4525001	4525001	0.50062
OphioH327chr_2	4575001	4575001	0.675934
OphioH327chr_2	4625001	4625001	0.526809
OphioH327chr_2	4675001	4675001	0.456279
OphioH327chr_2	4725001	4725001	0.24058400000000002
OphioH327chr_2	4775001	4775001	0.232498
OphioH327chr_2	4825001	4825001	0.126058
OphioH327chr_2	4875001	4875001	0.14896199999999998
OphioH327chr_2	4925001	4925001	0.224369
OphioH327chr_2	4975001	4975001	0.188273
OphioH327chr_2	5025001	5025001	0.187883
OphioH327chr_2	5075001	5075001	0.1865
OphioH327chr_2	5125001	5125001	0.14808
OphioH327chr_2	5175001	5175001	0.185264
OphioH327chr_2	5225001	5225001	0.16839200000000001
OphioH327chr_2	5275001	5275001	0.094653
OphioH327chr_2	5325001	5325001	0.033975
OphioH327chr_2	5375001	5375001	0.022666
OphioH327chr_2	5425001	5425001	0.036220999999999996
OphioH327chr_2	5475001	5475001	0.027260000000000003
OphioH327chr_2	5525001	5525001	0.06404299999999999
OphioH327chr_2	5575001	5575001	0.061562
OphioH327chr_2	5625001	5625001	0.060004999999999996
OphioH327chr_2	5675001	5675001	0.22019
OphioH327chr_2	5725001	5725001	0.368573
OphioH327chr_2	5775001	5775001	0.348964
OphioH327chr_2	5825001	5825001	0.39629899999999996
OphioH327chr_2	5875001	5875001	0.46822600000000003
OphioH327chr_2	5925001	5925001	0.574529
OphioH327chr_2	6025001	6025001	0.631612
OphioH327chr_2	6075001	6075001	0.642862
OphioH327chr_2	6125001	6125001	0.518791
OphioH327chr_2	6175001	6175001	0.6993699999999999
OphioH327chr_2	6225001	6225001	0.633498
OphioH327chr_2	6275001	6275001	0.769364
OphioH327chr_2	6325001	6325001	0.814351
OphioH327chr_2	6375001	6375001	0.831427
OphioH327chr_2	6425001	6425001	0.8401120000000001
OphioH327chr_2	6475001	6475001	0.807609
OphioH327chr_2	6525001	6525001	0.77574
OphioH327chr_2	6575001	6575001	0.8586530000000001
OphioH327chr_2	6625001	6625001	0.8689020000000001
OphioH327chr_2	6675001	6675001	0.851115
OphioH327chr_2	6725001	6725001	0.712805
OphioH327chr_3	75001	75001	0.811199
OphioH327chr_3	125001	125001	0.771874
OphioH327chr_3	175001	175001	0.705132
OphioH327chr_3	225001	225001	0.679632
OphioH327chr_3	275001	275001	0.591171
OphioH327chr_3	325001	325001	0.631951
OphioH327chr_3	375001	375001	0.5720390000000001
OphioH327chr_3	425001	425001	0.614963
OphioH327chr_3	475001	475001	0.663161
OphioH327chr_3	525001	525001	0.715565
OphioH327chr_3	575001	575001	0.772093
OphioH327chr_3	625001	625001	0.7751680000000001
OphioH327chr_3	675001	675001	0.7770729999999999
OphioH327chr_3	725001	725001	0.774971
OphioH327chr_3	775001	775001	0.7212350000000001
OphioH327chr_3	825001	825001	0.7283729999999999
OphioH327chr_3	875001	875001	0.720781
OphioH327chr_3	925001	925001	0.6332979999999999
OphioH327chr_3	975001	975001	0.685318
OphioH327chr_3	1025001	1025001	0.255893
OphioH327chr_3	1075001	1075001	0.157898
OphioH327chr_3	1125001	1125001	0.708951
OphioH327chr_3	1175001	1175001	0.45156
OphioH327chr_3	1275001	1275001	0.727924
OphioH327chr_3	1325001	1325001	0.8047300000000001
OphioH327chr_3	1375001	1375001	0.6996979999999999
OphioH327chr_3	1425001	1425001	0.663424
OphioH327chr_3	1475001	1475001	0.667033
OphioH327chr_3	1525001	1525001	0.549304
OphioH327chr_3	1575001	1575001	0.660104
OphioH327chr_3	1625001	1625001	0.801219
OphioH327chr_3	1675001	1675001	0.876151
OphioH327chr_3	1725001	1725001	0.763051
OphioH327chr_3	1775001	1775001	0.8795120000000001
OphioH327chr_3	1825001	1825001	0.563565
OphioH327chr_3	1875001	1875001	0.91555
OphioH327chr_3	1925001	1925001	0.761962
OphioH327chr_3	1975001	1975001	0.779466
OphioH327chr_3	2025001	2025001	0.841993
OphioH327chr_3	2075001	2075001	0.7709189999999999
OphioH327chr_3	2125001	2125001	0.837575
OphioH327chr_3	2175001	2175001	0.868908
OphioH327chr_3	2225001	2225001	0.7580100000000001
OphioH327chr_3	2275001	2275001	0.567276
OphioH327chr_3	2325001	2325001	0.7735609999999999
OphioH327chr_3	2375001	2375001	0.772403
OphioH327chr_3	2425001	2425001	0.747693
OphioH327chr_3	2475001	2475001	0.673617
OphioH327chr_3	2525001	2525001	0.678067
OphioH327chr_3	2575001	2575001	0.712616
OphioH327chr_3	2625001	2625001	0.596651
OphioH327chr_3	2675001	2675001	0.5027729999999999
OphioH327chr_3	2725001	2725001	0.63216
OphioH327chr_3	2775001	2775001	0.65722
OphioH327chr_3	2825001	2825001	0.5771569999999999
OphioH327chr_3	2875001	2875001	0.693308
OphioH327chr_3	2925001	2925001	0.55148
OphioH327chr_3	2975001	2975001	0.593982
OphioH327chr_3	3025001	3025001	0.482104
OphioH327chr_3	3075001	3075001	0.401594
OphioH327chr_3	3125001	3125001	0.5478270000000001
OphioH327chr_3	3175001	3175001	0.670086
OphioH327chr_3	3225001	3225001	0.551996
OphioH327chr_3	3275001	3275001	0.43078900000000003
OphioH327chr_3	3325001	3325001	0.536022
OphioH327chr_3	3375001	3375001	0.54502
OphioH327chr_3	3425001	3425001	0.576188
OphioH327chr_3	3475001	3475001	0.69286
OphioH327chr_3	3525001	3525001	0.6917840000000001
OphioH327chr_3	3575001	3575001	0.693199
OphioH327chr_4	75001	75001	0.682728
OphioH327chr_4	125001	125001	0.667126
OphioH327chr_4	175001	175001	0.692127
OphioH327chr_4	225001	225001	0.388542
OphioH327chr_4	275001	275001	0.39857
OphioH327chr_4	325001	325001	0.697394
OphioH327chr_4	375001	375001	0.597332
OphioH327chr_4	425001	425001	0.695346
OphioH327chr_4	475001	475001	0.615681
OphioH327chr_4	525001	525001	0.592667
OphioH327chr_4	575001	575001	0.671623
OphioH327chr_4	625001	625001	0.743004
OphioH327chr_4	675001	675001	0.6873600000000001
OphioH327chr_4	725001	725001	0.686895
OphioH327chr_4	775001	775001	0.748404
OphioH327chr_4	825001	825001	0.810348
OphioH327chr_4	875001	875001	0.506079
OphioH327chr_4	925001	925001	0.8237180000000001
OphioH327chr_4	975001	975001	0.769972
OphioH327chr_4	1025001	1025001	0.719795
OphioH327chr_4	1075001	1075001	0.4659
OphioH327chr_4	1125001	1125001	0.7283270000000001
OphioH327chr_4	1175001	1175001	0.773157
OphioH327chr_4	1225001	1225001	0.704114
OphioH327chr_4	1275001	1275001	0.5602199999999999
OphioH327chr_4	1325001	1325001	0.6439060000000001
OphioH327chr_4	1375001	1375001	0.565393
OphioH327chr_4	1425001	1425001	0.56293
OphioH327chr_4	1475001	1475001	0.615318
OphioH327chr_4	1525001	1525001	0.641931
OphioH327chr_4	1575001	1575001	0.701019
OphioH327chr_4	1625001	1625001	0.649857
OphioH327chr_4	1675001	1675001	0.742409
OphioH327chr_4	1725001	1725001	0.7576930000000001
OphioH327chr_4	1775001	1775001	0.737637
OphioH327chr_4	1825001	1825001	0.483597
OphioH327chr_4	1875001	1875001	0.773566
OphioH327chr_4	1925001	1925001	0.701493
OphioH327chr_4	1975001	1975001	0.648664
OphioH327chr_4	2025001	2025001	0.635051
OphioH327chr_4	2075001	2075001	0.670277
OphioH327chr_4	2125001	2125001	0.701835
OphioH327chr_4	2175001	2175001	0.7409819999999999
OphioH327chr_4	2225001	2225001	0.70196
OphioH327chr_4	2275001	2275001	0.699674
OphioH327chr_4	2325001	2325001	0.534538
OphioH327chr_4	2375001	2375001	0.744337
OphioH327chr_4	2425001	2425001	0.561141
OphioH327chr_4	2475001	2475001	0.681197
OphioH327chr_4	2525001	2525001	0.683515
OphioH327chr_4	2575001	2575001	0.6850149999999999
OphioH327chr_4	2625001	2625001	0.748142
OphioH327chr_4	2675001	2675001	0.294906
OphioH327chr_4	2725001	2725001	0.554176
OphioH327chr_4	2775001	2775001	0.540427
OphioH327chr_4	2825001	2825001	0.456542
OphioH327chr_4	2875001	2875001	0.52281
OphioH327chr_4	2925001	2925001	0.561489
OphioH327chr_4	2975001	2975001	0.411937
OphioH327chr_4	3025001	3025001	0.491884
OphioH327chr_4	3075001	3075001	0.443254
OphioH327chr_4	3125001	3125001	0.592313
OphioH327chr_4	3175001	3175001	0.661768
OphioH327chr_4	3225001	3225001	0.695026
OphioH327chr_4	3275001	3275001	0.717091
OphioH327chr_4	3325001	3325001	0.23074099999999997
OphioH327chr_5	25001	25001	0.375194
OphioH327chr_5	75001	75001	0.25959099999999996
OphioH327chr_5	125001	125001	0.307068
OphioH327chr_5	175001	175001	0.520818
OphioH327chr_5	225001	225001	0.666513
OphioH327chr_5	275001	275001	0.7171
OphioH327chr_5	325001	325001	0.736047
OphioH327chr_5	375001	375001	0.691753
OphioH327chr_5	425001	425001	0.6198060000000001
OphioH327chr_5	475001	475001	0.555398
OphioH327chr_5	525001	525001	0.633235
OphioH327chr_5	575001	575001	0.697389
OphioH327chr_5	625001	625001	0.640043
OphioH327chr_5	675001	675001	0.617966
OphioH327chr_5	725001	725001	0.742542
OphioH327chr_5	775001	775001	0.6906
OphioH327chr_5	825001	825001	0.659592
OphioH327chr_5	875001	875001	0.687533
OphioH327chr_5	925001	925001	0.715886
OphioH327chr_5	975001	975001	0.743934
OphioH327chr_5	1025001	1025001	0.722226
OphioH327chr_5	1075001	1075001	0.724891
OphioH327chr_5	1125001	1125001	0.704295
OphioH327chr_5	1175001	1175001	0.587098
OphioH327chr_5	1225001	1225001	0.7310909999999999
OphioH327chr_5	1275001	1275001	0.717631
OphioH327chr_5	1325001	1325001	0.739757
OphioH327chr_5	1375001	1375001	0.656445
OphioH327chr_5	1425001	1425001	0.671619
OphioH327chr_5	1475001	1475001	0.7185189999999999
OphioH327chr_5	1525001	1525001	0.612975
OphioH327chr_5	1575001	1575001	0.615052
OphioH327chr_5	1625001	1625001	0.6331399999999999
OphioH327chr_5	1675001	1675001	0.593305
OphioH327chr_5	1775001	1775001	0.629155
OphioH327chr_5	1825001	1825001	0.626848
OphioH327chr_5	1875001	1875001	0.580078
OphioH327chr_5	1925001	1925001	0.5907680000000001
OphioH327chr_5	1975001	1975001	0.658662
OphioH327chr_5	2025001	2025001	0.6487390000000001
OphioH327chr_5	2075001	2075001	0.632422
OphioH327chr_5	2125001	2125001	0.5488890000000001
OphioH327chr_5	2175001	2175001	0.582099
OphioH327chr_5	2225001	2225001	0.7263310000000001
OphioH327chr_5	2275001	2275001	0.684366
OphioH327chr_5	2325001	2325001	0.535687
OphioH327chr_5	2375001	2375001	0.610479
OphioH327chr_5	2425001	2425001	0.538877
OphioH327chr_5	2475001	2475001	0.672934
OphioH327chr_5	2525001	2525001	0.766586
OphioH327chr_5	2575001	2575001	0.720478
OphioH327chr_5	2625001	2625001	0.5570609999999999
OphioH327chr_5	2675001	2675001	0.724877
OphioH327chr_5	2725001	2725001	0.699709
OphioH327chr_5	2775001	2775001	0.645724
OphioH327chr_6	75001	75001	0.521185
OphioH327chr_6	125001	125001	0.794392
OphioH327chr_6	175001	175001	0.680271
OphioH327chr_6	225001	225001	0.671513
OphioH327chr_6	275001	275001	0.693587
OphioH327chr_6	325001	325001	0.479192
OphioH327chr_6	375001	375001	0.7271
OphioH327chr_6	425001	425001	0.723662
OphioH327chr_6	475001	475001	0.717746
OphioH327chr_6	525001	525001	0.691012
OphioH327chr_6	575001	575001	0.697511
OphioH327chr_6	625001	625001	0.8086770000000001
OphioH327chr_6	675001	675001	0.818987
OphioH327chr_6	725001	725001	0.78172
OphioH327chr_6	775001	775001	0.7379979999999999
OphioH327chr_6	825001	825001	0.726322
OphioH327chr_6	875001	875001	0.302021
OphioH327chr_6	925001	925001	0.596958
OphioH327chr_6	975001	975001	0.698146
OphioH327chr_6	1025001	1025001	0.7423390000000001
OphioH327chr_6	1075001	1075001	0.6377659999999999
OphioH327chr_6	1125001	1125001	0.752869
OphioH327chr_6	1175001	1175001	0.7286279999999999
OphioH327chr_6	1225001	1225001	0.724901
OphioH327chr_6	1275001	1275001	0.5441590000000001
OphioH327chr_6	1325001	1325001	0.623214
OphioH327chr_6	1375001	1375001	0.7242689999999999
OphioH327chr_6	1425001	1425001	0.553387
OphioH327chr_6	1475001	1475001	0.555908
OphioH327chr_6	1525001	1525001	0.699127
OphioH327chr_6	1575001	1575001	0.679579
OphioH327chr_6	1625001	1625001	0.695519
OphioH327chr_6	1675001	1675001	0.621761
OphioH327chr_6	1725001	1725001	0.691189
OphioH327chr_6	1775001	1775001	0.576106
OphioH327chr_6	1825001	1825001	0.617494
OphioH327chr_6	1875001	1875001	0.652584
OphioH327chr_6	1925001	1925001	0.699327
OphioH327chr_6	1975001	1975001	0.702241
OphioH327chr_6	2025001	2025001	0.673717
OphioH327chr_6	2075001	2075001	0.49706999999999996
OphioH327chr_6	2125001	2125001	0.474638
OphioH327chr_6	2175001	2175001	0.5240630000000001
OphioH327chr_6	2225001	2225001	0.478803
OphioH327chr_6	2275001	2275001	0.516696
OphioH327chr_6	2325001	2325001	0.624514
OphioH327chr_6	2375001	2375001	0.735082
OphioH327chr_6	2425001	2425001	0.86585
OphioH327chr_6	2475001	2475001	0.658748
OphioH327chr_6	2525001	2525001	0.601904
OphioH327chr_6	2575001	2575001	0.603981
OphioH327chr_6	2625001	2625001	0.67048
OphioH327chr_6	2675001	2675001	0.6405310000000001
OphioH327chr_6	2725001	2725001	0.541384
OphioH327chr_7	75001	75001	0.706025
OphioH327chr_7	125001	125001	0.8241860000000001
OphioH327chr_7	175001	175001	0.781191
OphioH327chr_7	225001	225001	0.618768
OphioH327chr_7	275001	275001	0.745866
OphioH327chr_7	325001	325001	0.648642
OphioH327chr_7	375001	375001	0.7209369999999999
OphioH327chr_7	425001	425001	0.671363
OphioH327chr_7	475001	475001	0.748743
OphioH327chr_7	525001	525001	0.785309
OphioH327chr_7	575001	575001	0.641579
OphioH327chr_7	625001	625001	0.648241
OphioH327chr_7	675001	675001	0.584571
OphioH327chr_7	725001	725001	0.5927819999999999
OphioH327chr_7	775001	775001	0.496166
OphioH327chr_7	825001	825001	0.662892
OphioH327chr_7	875001	875001	0.727812
OphioH327chr_7	925001	925001	0.6434979999999999
OphioH327chr_7	975001	975001	0.7233109999999999
OphioH327chr_7	1025001	1025001	0.673888
OphioH327chr_7	1075001	1075001	0.662624
OphioH327chr_7	1125001	1125001	0.668242
OphioH327chr_7	1175001	1175001	0.644935
OphioH327chr_7	1225001	1225001	0.65058
OphioH327chr_7	1275001	1275001	0.595062
OphioH327chr_7	1325001	1325001	0.664659
OphioH327chr_7	1375001	1375001	0.703394
OphioH327chr_7	1425001	1425001	0.6836869999999999
OphioH327chr_7	1475001	1475001	0.6570560000000001
OphioH327chr_7	1525001	1525001	0.74197
OphioH327chr_7	1575001	1575001	0.750775
OphioH327chr_7	1625001	1625001	0.778181
OphioH327chr_7	1675001	1675001	0.73387
OphioH327chr_7	1725001	1725001	0.712639
OphioH327chr_7	1775001	1775001	0.7567470000000001
OphioH327chr_7	1825001	1825001	0.6188520000000001
OphioH327chr_7	1875001	1875001	0.730318
OphioH327chr_7	1925001	1925001	0.7441439999999999
OphioH327chr_7	1975001	1975001	0.7010649999999999
OphioH327chr_7	2025001	2025001	0.740987
OphioH327chr_7	2075001	2075001	0.776215
OphioH327chr_7	2125001	2125001	0.7963439999999999
OphioH327chr_7	2175001	2175001	0.82899
OphioH327chr_7	2275001	2275001	0.791826
OphioH327chr_7	2325001	2325001	0.755564
OphioH327chr_7	2375001	2375001	0.750259
OphioH327chr_7	2425001	2425001	0.755905
OphioH327chr_7	2475001	2475001	0.718209
OphioH327chr_7	2525001	2525001	0.589288
OphioH327chr_7	2575001	2575001	0.607779
OphioH327chr_7	2625001	2625001	0.589631
OphioH327chr_7	2675001	2675001	0.653883
OphioH327chr_7	2725001	2725001	0.544567
OphioH327chr_8	75001	75001	0.617305
OphioH327chr_8	125001	125001	0.615089
OphioH327chr_8	175001	175001	0.645212
OphioH327chr_8	225001	225001	0.661505
OphioH327chr_8	275001	275001	0.599649
OphioH327chr_8	325001	325001	0.599494
OphioH327chr_8	375001	375001	0.581363
OphioH327chr_8	425001	425001	0.526929
OphioH327chr_8	575001	575001	0.683361
OphioH327chr_8	625001	625001	0.575639
OphioH327chr_8	675001	675001	0.650867
OphioH327chr_8	725001	725001	0.590788
OphioH327chr_8	775001	775001	0.609884
OphioH327chr_8	825001	825001	0.775305
OphioH327chr_8	875001	875001	0.817894
OphioH327chr_8	925001	925001	0.737448
OphioH327chr_8	975001	975001	0.766781
OphioH327chr_8	1025001	1025001	0.5853149999999999
OphioH327chr_8	1075001	1075001	0.7920560000000001
OphioH327chr_8	1125001	1125001	0.751586
OphioH327chr_8	1175001	1175001	0.6959029999999999
OphioH327chr_8	1225001	1225001	0.6807489999999999
OphioH327chr_8	1275001	1275001	0.6809569999999999
OphioH327chr_8	1325001	1325001	0.701231
OphioH327chr_8	1375001	1375001	0.592539
OphioH327chr_8	1425001	1425001	0.678248
OphioH327chr_8	1475001	1475001	0.746805
OphioH327chr_8	1575001	1575001	0.7543850000000001
OphioH327chr_8	1625001	1625001	0.808355
OphioH327chr_8	1675001	1675001	0.746872
OphioH327chr_8	1725001	1725001	0.787945
OphioH327chr_8	1775001	1775001	0.74544
OphioH327chr_8	1825001	1825001	0.716093
OphioH327chr_8	1875001	1875001	0.728122
OphioH327chr_8	1925001	1925001	0.635812
OphioH327chr_8	1975001	1975001	0.790633
OphioH327chr_8	2025001	2025001	0.821436
OphioH327chr_8	2075001	2075001	0.779628
OphioH327chr_8	2125001	2125001	0.739176
OphioH327chr_8	2175001	2175001	0.801905
OphioH327chr_8	2225001	2225001	0.793429
OphioH327chr_8	2275001	2275001	0.8496319999999999
OphioH327chr_8	2325001	2325001	0.793724
OphioH327chr_8	2375001	2375001	0.785417
OphioH327chr_8	2425001	2425001	0.63948
OphioH327chr_8	2475001	2475001	0.45874
