OphioH327chr_1	75000	75000	3.211742263671047e-05
OphioH327chr_1	125000	125000	5.541757575757576e-05
OphioH327chr_1	175000	175000	0.000493362851255973
OphioH327chr_1	225000	225000	0.0012456783923831991
OphioH327chr_1	275000	275000	0.000272649871731401
OphioH327chr_1	325000	325000	0.00016949409871244635
OphioH327chr_1	375000	375000	0.0007014434516370907
OphioH327chr_1	425000	425000	0.0018092687101656255
OphioH327chr_1	475000	475000	0.0014442142589352663
OphioH327chr_1	525000	525000	0.00029616533756419354
OphioH327chr_1	575000	575000	0.00028117703289882057
OphioH327chr_1	625000	625000	0.0002152288185529694
OphioH327chr_1	675000	675000	0.00022482272282076395
OphioH327chr_1	725000	725000	0.00021970451249326648
OphioH327chr_1	775000	775000	0.00042503680710467606
OphioH327chr_1	825000	825000	0.0002609912381499569
OphioH327chr_1	875000	875000	0.00047446503971793893
OphioH327chr_1	925000	925000	0.00046339802418596883
OphioH327chr_1	975000	975000	0.00013128115942028984
OphioH327chr_1	1025000	1025000	0.0004966438746438748
OphioH327chr_1	1075000	1075000	0.00012589455732946297
OphioH327chr_1	1125000	1125000	0.0002669235077817684
OphioH327chr_1	1175000	1175000	0.0001964725052579993
OphioH327chr_1	1225000	1225000	0.0003379363956090802
OphioH327chr_1	1275000	1275000	4.8937927582179214e-05
OphioH327chr_1	1325000	1325000	0.00019166932609416447
OphioH327chr_1	1375000	1375000	0.00031606545255651893
OphioH327chr_1	1425000	1425000	0.00011176172414503928
OphioH327chr_1	1475000	1475000	4.146186606405633e-05
OphioH327chr_1	1525000	1525000	6.975260673234811e-05
OphioH327chr_1	1575000	1575000	0.00012588774563548959
OphioH327chr_1	1625000	1625000	0.00013894013028642333
OphioH327chr_1	1675000	1675000	6.537829930024145e-05
OphioH327chr_1	1725000	1725000	0.00020083939901213138
OphioH327chr_1	1775000	1775000	0.0007552714468094013
OphioH327chr_1	1825000	1825000	0.00013780078939378603
OphioH327chr_1	1875000	1875000	0.0004516432806725419
OphioH327chr_1	1925000	1925000	9.261211027310429e-05
OphioH327chr_1	1975000	1975000	5.2818213352921974e-05
OphioH327chr_1	2025000	2025000	9.941596255798542e-05
OphioH327chr_1	2075000	2075000	9.869386970077337e-05
OphioH327chr_1	2125000	2125000	0.00017097629897871994
OphioH327chr_1	2175000	2175000	9.080602561410876e-05
OphioH327chr_1	2225000	2225000	8.076152957676759e-05
OphioH327chr_1	2275000	2275000	3.997388335938143e-05
OphioH327chr_1	2325000	2325000	4.656834653278155e-05
OphioH327chr_1	2375000	2375000	4.375865006961617e-05
OphioH327chr_1	2425000	2425000	0.00015050793940870694
OphioH327chr_1	2475000	2475000	8.982406866020716e-05
OphioH327chr_1	2525000	2525000	7.817150068356294e-05
OphioH327chr_1	2575000	2575000	5.884073241643813e-05
OphioH327chr_1	2625000	2625000	0.00010653740242178376
OphioH327chr_1	2675000	2675000	0.0007655958554554062
OphioH327chr_1	2725000	2725000	0.0009771305025658792
OphioH327chr_1	2775000	2775000	0.00020329652102488011
OphioH327chr_1	2825000	2825000	0.0002437642206353115
OphioH327chr_1	2875000	2875000	6.104038562296971e-05
OphioH327chr_1	2925000	2925000	8.425352852094902e-05
OphioH327chr_1	2975000	2975000	0.00015154074835526315
OphioH327chr_1	3025000	3025000	0.00011060160345359235
OphioH327chr_1	3075000	3075000	5.692118847295045e-05
OphioH327chr_1	3125000	3125000	1.3748462862764387e-05
OphioH327chr_1	3175000	3175000	3.1037964254024596e-05
OphioH327chr_1	3225000	3225000	6.746580647791435e-05
OphioH327chr_1	3275000	3275000	0.00014716949915127717
OphioH327chr_1	3325000	3325000	0.0001273554343179366
OphioH327chr_1	3375000	3375000	0.00010226396161468657
OphioH327chr_1	3425000	3425000	6.954984558369365e-05
OphioH327chr_1	3475000	3475000	7.926872237055194e-05
OphioH327chr_1	3525000	3525000	0.00019042895003339722
OphioH327chr_1	3575000	3575000	0.000248213469669865
OphioH327chr_1	3625000	3625000	0.00021821116351539141
OphioH327chr_1	3675000	3675000	0.00013818711266160477
OphioH327chr_1	3725000	3725000	0.00016347565481227683
OphioH327chr_1	3775000	3775000	0.00013328519311117906
OphioH327chr_1	3825000	3825000	6.117933642199739e-05
OphioH327chr_1	3875000	3875000	0.0001388865268600977
OphioH327chr_1	3925000	3925000	3.559885756403169e-05
OphioH327chr_1	3975000	3975000	0.00010075254686226569
OphioH327chr_1	4025000	4025000	8.535809289083415e-05
OphioH327chr_1	4075000	4075000	7.59891600703606e-05
OphioH327chr_1	4125000	4125000	5.1588355142935156e-05
OphioH327chr_1	4175000	4175000	7.588547258485639e-05
OphioH327chr_1	4225000	4225000	7.742597960714358e-05
OphioH327chr_1	4275000	4275000	0.0001310891901901078
OphioH327chr_1	4325000	4325000	7.050934263152497e-05
OphioH327chr_1	4375000	4375000	0.0002140880034223553
OphioH327chr_1	4425000	4425000	0.0004971484678815026
OphioH327chr_1	4475000	4475000	7.819523615635179e-05
OphioH327chr_1	4525000	4525000	7.412006744669038e-05
OphioH327chr_1	4575000	4575000	5.984706874909974e-05
OphioH327chr_1	4625000	4625000	6.83057305301047e-05
OphioH327chr_1	4675000	4675000	0.00012272798004143938
OphioH327chr_1	4725000	4725000	5.786579029086016e-05
OphioH327chr_1	4775000	4775000	3.33750339043168e-05
OphioH327chr_1	4825000	4825000	5.81656214188978e-05
OphioH327chr_1	4875000	4875000	4.958262973042124e-05
OphioH327chr_1	4925000	4925000	3.776361989832671e-05
OphioH327chr_1	4975000	4975000	4.779451286631083e-05
OphioH327chr_1	5025000	5025000	0.00010448363939899833
OphioH327chr_1	5075000	5075000	0.00030397096834613226
OphioH327chr_1	5125000	5125000	0.00014156113775982496
OphioH327chr_1	5175000	5175000	0.00015136951412332808
OphioH327chr_1	5225000	5225000	6.707366908272931e-05
OphioH327chr_1	5275000	5275000	0.00015485333742833743
OphioH327chr_1	5325000	5325000	0.00012390140037670953
OphioH327chr_1	5375000	5375000	5.4012899842684846e-05
OphioH327chr_1	5425000	5425000	4.7491254998586255e-05
OphioH327chr_1	5475000	5475000	6.389328226038963e-05
OphioH327chr_1	5525000	5525000	5.2352194665001346e-05
OphioH327chr_1	5575000	5575000	5.230421260955612e-05
OphioH327chr_1	5625000	5625000	9.611532270512228e-05
OphioH327chr_1	5675000	5675000	0.00010413866911859042
OphioH327chr_1	5725000	5725000	6.011160046179501e-05
OphioH327chr_1	5775000	5775000	4.925364339120517e-05
OphioH327chr_1	5825000	5825000	0.0006192914132618888
OphioH327chr_1	5875000	5875000	0.0001585885192591246
OphioH327chr_1	5925000	5925000	0.001267101913895636
OphioH327chr_1	5975000	5975000	0.0010365625819672131
OphioH327chr_1	6025000	6025000	0.0009233786082745552
OphioH327chr_1	6075000	6075000	4.2509986275272955e-05
OphioH327chr_1	6125000	6125000	0.0001186491131498471
OphioH327chr_1	6175000	6175000	1.0280192576911257e-05
OphioH327chr_1	6225000	6225000	6.604751403777437e-05
OphioH327chr_1	6275000	6275000	7.329411024150738e-05
OphioH327chr_1	6325000	6325000	0.00024927842418501206
OphioH327chr_1	6375000	6375000	0.00025220892267161887
OphioH327chr_1	6425000	6425000	0.0003201690709878576
OphioH327chr_1	6475000	6475000	0.0012214818538653681
OphioH327chr_1	6525000	6525000	0.0004648297099835167
OphioH327chr_1	6575000	6575000	0.0007712843089430893
OphioH327chr_1	6625000	6625000	0.0010275118720723632
OphioH327chr_1	6675000	6675000	0.0007391746513571775
OphioH327chr_1	6725000	6725000	0.00039877289674664746
OphioH327chr_1	6775000	6775000	0.00014759321883262605
OphioH327chr_1	6825000	6825000	8.20107570529734e-05
OphioH327chr_1	6875000	6875000	0.00015260908606164018
OphioH327chr_2	75000	75000	1.7802818687007418e-05
OphioH327chr_2	125000	125000	0.00014342020027197428
OphioH327chr_2	175000	175000	7.849163564886454e-05
OphioH327chr_2	225000	225000	0.00012582581874262904
OphioH327chr_2	275000	275000	9.622394831479467e-05
OphioH327chr_2	325000	325000	0.00010645489455461127
OphioH327chr_2	375000	375000	0.0001765150585490213
OphioH327chr_2	425000	425000	7.705437298029812e-05
OphioH327chr_2	475000	475000	0.00023583911401852742
OphioH327chr_2	525000	525000	0.0008505514218932606
OphioH327chr_2	575000	575000	0.0006421090639116614
OphioH327chr_2	625000	625000	0.00021987899552832065
OphioH327chr_2	675000	675000	0.0002101419754360615
OphioH327chr_2	725000	725000	0.0001736230123538268
OphioH327chr_2	775000	775000	0.00012398401729693062
OphioH327chr_2	825000	825000	0.00010671621369488152
OphioH327chr_2	875000	875000	7.33775747474124e-05
OphioH327chr_2	925000	925000	0.000136383211306671
OphioH327chr_2	975000	975000	5.0133349821719324e-05
OphioH327chr_2	1025000	1025000	0.00041319808179590814
OphioH327chr_2	1075000	1075000	0.0005524329947175946
OphioH327chr_2	1125000	1125000	0.00010168642239077023
OphioH327chr_2	1175000	1175000	0.000614204992324354
OphioH327chr_2	1225000	1225000	0.0005353640405038281
OphioH327chr_2	1275000	1275000	0.000327972777071921
OphioH327chr_2	1325000	1325000	0.00012384633698525108
OphioH327chr_2	1375000	1375000	0.00014485504945658812
OphioH327chr_2	1425000	1425000	0.00015880958108245845
OphioH327chr_2	1475000	1475000	0.00016903089606758772
OphioH327chr_2	1525000	1525000	3.7946722955145116e-05
OphioH327chr_2	1575000	1575000	2.670787540101418e-05
OphioH327chr_2	1625000	1625000	4.218422238610292e-05
OphioH327chr_2	1675000	1675000	6.064840845012872e-05
OphioH327chr_2	1725000	1725000	6.576165911759771e-05
OphioH327chr_2	1775000	1775000	4.422140160501722e-05
OphioH327chr_2	1825000	1825000	0.00011655870437017994
OphioH327chr_2	1875000	1875000	5.2271903197638155e-05
OphioH327chr_2	1925000	1925000	4.197685909577534e-05
OphioH327chr_2	1975000	1975000	6.468215752146323e-05
OphioH327chr_2	2025000	2025000	7.567820097244733e-05
OphioH327chr_2	2075000	2075000	6.563117340874626e-05
OphioH327chr_2	2125000	2125000	0.00013898989436912586
OphioH327chr_2	2175000	2175000	0.00010044990721670507
OphioH327chr_2	2225000	2225000	0.00021922233075681645
OphioH327chr_2	2275000	2275000	0.00010725117768984359
OphioH327chr_2	2325000	2325000	0.00014855943377505346
OphioH327chr_2	2375000	2375000	7.584002415358348e-05
OphioH327chr_2	2425000	2425000	0.00012290307594399661
OphioH327chr_2	2475000	2475000	4.493884958097996e-05
OphioH327chr_2	2525000	2525000	7.45549109247832e-05
OphioH327chr_2	2575000	2575000	4.872506326995879e-05
OphioH327chr_2	2625000	2625000	4.2993396456436934e-05
OphioH327chr_2	2675000	2675000	5.6212867773789976e-05
OphioH327chr_2	2725000	2725000	2.045548671462431e-05
OphioH327chr_2	2775000	2775000	4.289655031555728e-05
OphioH327chr_2	2825000	2825000	2.0383225780349164e-05
OphioH327chr_2	2875000	2875000	3.761225772655841e-05
OphioH327chr_2	2925000	2925000	2.5293975805133236e-05
OphioH327chr_2	2975000	2975000	4.228458870986766e-05
OphioH327chr_2	3025000	3025000	2.514156068255896e-05
OphioH327chr_2	3075000	3075000	5.1381207669169846e-05
OphioH327chr_2	3125000	3125000	6.682909916157096e-05
OphioH327chr_2	3175000	3175000	4.067874330715223e-05
OphioH327chr_2	3225000	3225000	2.3537620737034224e-05
OphioH327chr_2	3275000	3275000	6.915130102252889e-05
OphioH327chr_2	3325000	3325000	2.0000714901490777e-05
OphioH327chr_2	3375000	3375000	9.228264925373134e-05
OphioH327chr_2	3425000	3425000	3.077697547976705e-05
OphioH327chr_2	3475000	3475000	4.869213853765805e-05
OphioH327chr_2	3525000	3525000	1.2370396294390118e-05
OphioH327chr_2	3575000	3575000	0.00013280321558452606
OphioH327chr_2	3625000	3625000	9.650284962735643e-06
OphioH327chr_2	3675000	3675000	1.8601928317780167e-05
OphioH327chr_2	3725000	3725000	1.4468491288768071e-05
OphioH327chr_2	3775000	3775000	1.6116757385631777e-05
OphioH327chr_2	3825000	3825000	3.252401193444231e-05
OphioH327chr_2	3875000	3875000	1.4203464914105072e-05
OphioH327chr_2	3925000	3925000	0.000943076196538201
OphioH327chr_2	3975000	3975000	0.0022395160442743355
OphioH327chr_2	4025000	4025000	0.0006702076283577725
OphioH327chr_2	4075000	4075000	0.0005123213840971726
OphioH327chr_2	4125000	4125000	0.0001784064567791967
OphioH327chr_2	4175000	4175000	0.00026610055438335196
OphioH327chr_2	4225000	4225000	8.195930639647432e-05
OphioH327chr_2	4275000	4275000	7.108654600959442e-05
OphioH327chr_2	4325000	4325000	0.00020574064734002893
OphioH327chr_2	4375000	4375000	8.917101218976729e-05
OphioH327chr_2	4425000	4425000	0.00037805575168867216
OphioH327chr_2	4475000	4475000	0.00010794742530845314
OphioH327chr_2	4525000	4525000	0.00021225352313457153
OphioH327chr_2	4575000	4575000	0.0001991147218325342
OphioH327chr_2	4625000	4625000	0.00022268760982387318
OphioH327chr_2	4675000	4675000	0.000574484087780387
OphioH327chr_2	4725000	4725000	0.002046741437330966
OphioH327chr_2	4775000	4775000	0.0026852883312680717
OphioH327chr_2	4825000	4825000	0.002099029883366607
OphioH327chr_2	4875000	4875000	0.0025190523778719142
OphioH327chr_2	4925000	4925000	0.0028069704726477944
OphioH327chr_2	4975000	4975000	0.002639263842173351
OphioH327chr_2	5025000	5025000	0.0023642754959655402
OphioH327chr_2	5075000	5075000	0.002635110349952395
OphioH327chr_2	5125000	5125000	0.0028891963710028752
OphioH327chr_2	5175000	5175000	0.0025136040700937494
OphioH327chr_2	5225000	5225000	0.0025531254559639028
OphioH327chr_2	5275000	5275000	0.0033429983007820497
OphioH327chr_2	5325000	5325000	0.007235035794691728
OphioH327chr_2	5375000	5375000	0.01131979511592246
OphioH327chr_2	5425000	5425000	0.007168634690086133
OphioH327chr_2	5475000	5475000	0.006535589765969107
OphioH327chr_2	5525000	5525000	0.0059872118416228765
OphioH327chr_2	5575000	5575000	0.004344163908707986
OphioH327chr_2	5625000	5625000	0.003256074410423186
OphioH327chr_2	5675000	5675000	0.0029743875400126294
OphioH327chr_2	5725000	5725000	0.0027891534738099656
OphioH327chr_2	5775000	5775000	0.0028035402506306787
OphioH327chr_2	5825000	5825000	0.0024925638291377517
OphioH327chr_2	5875000	5875000	0.002335492295162777
OphioH327chr_2	5925000	5925000	0.0011694298501895941
OphioH327chr_2	5975000	5975000	0.0003233471641791045
OphioH327chr_2	6025000	6025000	0.0012435896063535913
OphioH327chr_2	6075000	6075000	0.0025678037389672667
OphioH327chr_2	6125000	6125000	0.00043885738651542244
OphioH327chr_2	6175000	6175000	0.00010726034706963812
OphioH327chr_2	6225000	6225000	0.0002623424009088614
OphioH327chr_2	6275000	6275000	0.0001949538844405973
OphioH327chr_2	6325000	6325000	0.00017807712624289768
OphioH327chr_2	6375000	6375000	0.0007434809937144568
OphioH327chr_2	6425000	6425000	0.0015467254512676572
OphioH327chr_2	6475000	6475000	7.381555461113472e-05
OphioH327chr_2	6525000	6525000	0.00010056950223287223
OphioH327chr_2	6575000	6575000	1.4506778969081025e-05
OphioH327chr_2	6625000	6625000	0.00010220807091709085
OphioH327chr_2	6675000	6675000	0.00017486551027426703
OphioH327chr_2	6725000	6725000	0.00010033530687124748
OphioH327chr_3	75000	75000	3.1193537700428464e-05
OphioH327chr_3	125000	125000	3.5286496275260315e-05
OphioH327chr_3	175000	175000	2.2817198961742466e-05
OphioH327chr_3	225000	225000	6.430512460891142e-05
OphioH327chr_3	275000	275000	0.0003097918238044954
OphioH327chr_3	325000	325000	0.0006562541334838317
OphioH327chr_3	375000	375000	0.0003374322980282673
OphioH327chr_3	425000	425000	0.0005040905515195804
OphioH327chr_3	475000	475000	0.0017989224538741508
OphioH327chr_3	525000	525000	0.0015961054863558144
OphioH327chr_3	575000	575000	0.0006443684078928177
OphioH327chr_3	625000	625000	0.0009674400694977211
OphioH327chr_3	675000	675000	0.0010258676651815337
OphioH327chr_3	725000	725000	0.0007530984676445917
OphioH327chr_3	775000	775000	0.0009941084824483196
OphioH327chr_3	825000	825000	0.0007923974552151348
OphioH327chr_3	875000	875000	0.0019283719943131478
OphioH327chr_3	925000	925000	0.0012058821533589687
OphioH327chr_3	975000	975000	0.0008657652483284601
OphioH327chr_3	1025000	1025000	0.00012497199702183982
OphioH327chr_3	1075000	1075000	5.41431710151051e-05
OphioH327chr_3	1125000	1125000	0.00016441929187000311
OphioH327chr_3	1175000	1175000	0.00013373226730932066
OphioH327chr_3	1225000	1225000	0.0013449978962818004
OphioH327chr_3	1275000	1275000	0.0007132954154668434
OphioH327chr_3	1325000	1325000	0.0006395973452232426
OphioH327chr_3	1375000	1375000	0.0015936489608969102
OphioH327chr_3	1425000	1425000	0.00029159202772244356
OphioH327chr_3	1475000	1475000	0.00019345156595884235
OphioH327chr_3	1525000	1525000	0.00010364717574954448
OphioH327chr_3	1575000	1575000	0.00012038047359133256
OphioH327chr_3	1625000	1625000	4.171141069887834e-05
OphioH327chr_3	1675000	1675000	6.292227509630636e-05
OphioH327chr_3	1725000	1725000	2.398007542426147e-05
OphioH327chr_3	1775000	1775000	6.316242791353774e-05
OphioH327chr_3	1825000	1825000	3.910010729613734e-05
OphioH327chr_3	1875000	1875000	8.903798457583547e-05
OphioH327chr_3	1925000	1925000	1.7337418352801007e-05
OphioH327chr_3	1975000	1975000	3.652337383845604e-05
OphioH327chr_3	2025000	2025000	2.6092133094695733e-05
OphioH327chr_3	2075000	2075000	9.717658513620508e-05
OphioH327chr_3	2125000	2125000	6.609402963778307e-05
OphioH327chr_3	2175000	2175000	5.9257006571539705e-05
OphioH327chr_3	2225000	2225000	0.00021552884494532658
OphioH327chr_3	2275000	2275000	4.758408471377647e-05
OphioH327chr_3	2325000	2325000	0.00030472562702680515
OphioH327chr_3	2375000	2375000	6.67919804727432e-05
OphioH327chr_3	2425000	2425000	0.00020028942924687603
OphioH327chr_3	2475000	2475000	0.0003526950735608327
OphioH327chr_3	2525000	2525000	0.00013909061168440397
OphioH327chr_3	2575000	2575000	0.00013098009591308408
OphioH327chr_3	2625000	2625000	0.00024941840800065047
OphioH327chr_3	2675000	2675000	0.00019578591986283192
OphioH327chr_3	2725000	2725000	9.85314578005115e-05
OphioH327chr_3	2775000	2775000	0.00010118904243718985
OphioH327chr_3	2825000	2825000	9.748349265996324e-05
OphioH327chr_3	2875000	2875000	0.00022000594844679444
OphioH327chr_3	2925000	2925000	8.46801743361038e-05
OphioH327chr_3	2975000	2975000	2.81567250664667e-05
OphioH327chr_3	3025000	3025000	0.00012446994161105813
OphioH327chr_3	3075000	3075000	0.0001118041994101025
OphioH327chr_3	3125000	3125000	0.0003391959509202454
OphioH327chr_3	3175000	3175000	0.0008993565427104404
OphioH327chr_3	3225000	3225000	0.0005923782742305253
OphioH327chr_3	3275000	3275000	0.00020741562148422852
OphioH327chr_3	3325000	3325000	0.0002536122732717317
OphioH327chr_3	3375000	3375000	0.00046190116598230166
OphioH327chr_3	3425000	3425000	0.0008837914894540403
OphioH327chr_3	3475000	3475000	0.00047664663669732334
OphioH327chr_3	3525000	3525000	0.000795606363446693
OphioH327chr_3	3575000	3575000	0.0008120007691668052
OphioH327chr_4	75000	75000	6.727663397469491e-05
OphioH327chr_4	125000	125000	4.639662411467832e-05
OphioH327chr_4	175000	175000	0.00017649923053247152
OphioH327chr_4	225000	225000	0.00018988288935899278
OphioH327chr_4	275000	275000	0.00024202302940590396
OphioH327chr_4	325000	325000	0.0003100983063017402
OphioH327chr_4	375000	375000	0.00044050205933682376
OphioH327chr_4	425000	425000	0.0013798427187438494
OphioH327chr_4	475000	475000	0.0008660586392121754
OphioH327chr_4	525000	525000	0.0007129939093454149
OphioH327chr_4	575000	575000	0.00048360883790188965
OphioH327chr_4	625000	625000	0.0005554329959651061
OphioH327chr_4	675000	675000	0.0003261832530535008
OphioH327chr_4	725000	725000	0.00039332922535211266
OphioH327chr_4	775000	775000	0.0008827523511647972
OphioH327chr_4	825000	825000	8.200107654214663e-05
OphioH327chr_4	875000	875000	0.0005664917070681297
OphioH327chr_4	925000	925000	5.343714856928652e-05
OphioH327chr_4	975000	975000	0.00016056433020839798
OphioH327chr_4	1025000	1025000	9.175896561639896e-05
OphioH327chr_4	1075000	1075000	9.462026952578717e-05
OphioH327chr_4	1125000	1125000	0.0005164243761002382
OphioH327chr_4	1175000	1175000	0.0007393488708865011
OphioH327chr_4	1225000	1225000	0.00027130440754407546
OphioH327chr_4	1275000	1275000	8.270742777698268e-05
OphioH327chr_4	1325000	1325000	0.00041716195026338354
OphioH327chr_4	1375000	1375000	0.00010785053095159697
OphioH327chr_4	1425000	1425000	8.018768674160045e-05
OphioH327chr_4	1475000	1475000	5.985772266525259e-05
OphioH327chr_4	1525000	1525000	0.00015346728500220832
OphioH327chr_4	1575000	1575000	8.58578706700353e-05
OphioH327chr_4	1625000	1625000	3.337549924980453e-05
OphioH327chr_4	1675000	1675000	0.00010405970209583864
OphioH327chr_4	1725000	1725000	0.0005870104674598531
OphioH327chr_4	1775000	1775000	6.157346767422334e-05
OphioH327chr_4	1825000	1825000	4.9756769489164725e-05
OphioH327chr_4	1875000	1875000	0.00017284215583694563
OphioH327chr_4	1925000	1925000	0.00018542338035914467
OphioH327chr_4	1975000	1975000	0.00011808048518285633
OphioH327chr_4	2025000	2025000	0.00022660412387904915
OphioH327chr_4	2075000	2075000	0.00023199509833956252
OphioH327chr_4	2125000	2125000	0.0007375411774467907
OphioH327chr_4	2175000	2175000	0.0007078401187359568
OphioH327chr_4	2225000	2225000	0.0003905528367840817
OphioH327chr_4	2275000	2275000	0.0006331638539822064
OphioH327chr_4	2325000	2325000	0.00016539182987789885
OphioH327chr_4	2375000	2375000	0.0005010529524044086
OphioH327chr_4	2425000	2425000	0.0002547000523126553
OphioH327chr_4	2475000	2475000	0.00011767658832644628
OphioH327chr_4	2525000	2525000	0.00032911032671860874
OphioH327chr_4	2575000	2575000	0.00015975101012204775
OphioH327chr_4	2625000	2625000	0.00010402997749872976
OphioH327chr_4	2675000	2675000	4.480893164727136e-05
OphioH327chr_4	2725000	2725000	0.0004750342381439212
OphioH327chr_4	2775000	2775000	0.0008240580789277736
OphioH327chr_4	2825000	2825000	0.0010922204237726098
OphioH327chr_4	2875000	2875000	0.0007628430217447805
OphioH327chr_4	2925000	2925000	0.0022294326167452516
OphioH327chr_4	2975000	2975000	0.001410844130092602
OphioH327chr_4	3025000	3025000	0.0019805092796885138
OphioH327chr_4	3075000	3075000	0.0007150098717921904
OphioH327chr_4	3125000	3125000	0.0014675683676346207
OphioH327chr_4	3175000	3175000	0.00036338621586475944
OphioH327chr_4	3225000	3225000	0.0019820985406419005
OphioH327chr_4	3275000	3275000	0.002087962518030528
OphioH327chr_4	3325000	3325000	0.0003991158493405329
OphioH327chr_5	75000	75000	0.00030375884157155675
OphioH327chr_5	125000	125000	5.65950518754988e-05
OphioH327chr_5	175000	175000	7.670763288416801e-05
OphioH327chr_5	225000	225000	2.6057128968170095e-05
OphioH327chr_5	275000	275000	0.00014548359848246662
OphioH327chr_5	325000	325000	0.00017694627579265223
OphioH327chr_5	375000	375000	0.0002909125182911084
OphioH327chr_5	425000	425000	0.0002917398580330981
OphioH327chr_5	475000	475000	0.00040093472531092995
OphioH327chr_5	525000	525000	0.00022381460399069656
OphioH327chr_5	575000	575000	0.000441134353462422
OphioH327chr_5	625000	625000	0.0007890188602015114
OphioH327chr_5	675000	675000	0.0003990320781325644
OphioH327chr_5	725000	725000	0.0002258531066435013
OphioH327chr_5	775000	775000	0.0009118223661779747
OphioH327chr_5	825000	825000	0.000406660261268893
OphioH327chr_5	875000	875000	0.0008661076679070336
OphioH327chr_5	925000	925000	0.00045272521815864297
OphioH327chr_5	975000	975000	0.0003275957081545064
OphioH327chr_5	1025000	1025000	0.0005609435516597678
OphioH327chr_5	1075000	1075000	0.0007858896205572596
OphioH327chr_5	1125000	1125000	0.00014049688059793685
OphioH327chr_5	1175000	1175000	0.0003881702264401551
OphioH327chr_5	1225000	1225000	0.0002494020771513353
OphioH327chr_5	1275000	1275000	0.00017683158262585564
OphioH327chr_5	1325000	1325000	0.00022278269357225053
OphioH327chr_5	1375000	1375000	0.00020417675623839545
OphioH327chr_5	1425000	1425000	0.000432867540474878
OphioH327chr_5	1475000	1475000	0.00023257293174019103
OphioH327chr_5	1525000	1525000	4.964166301421327e-05
OphioH327chr_5	1575000	1575000	1.6610747880372884e-05
OphioH327chr_5	1625000	1625000	0.00010166077375840473
OphioH327chr_5	1675000	1675000	0.0001468069347304945
OphioH327chr_5	1725000	1725000	9.030037534571316e-05
OphioH327chr_5	1775000	1775000	0.0003183611025290197
OphioH327chr_5	1825000	1825000	0.0001587658211847982
OphioH327chr_5	1875000	1875000	0.00014016038824547663
OphioH327chr_5	1925000	1925000	0.00021393566180253978
OphioH327chr_5	1975000	1975000	6.0396282205037004e-05
OphioH327chr_5	2025000	2025000	0.00010028685735887095
OphioH327chr_5	2075000	2075000	7.160398472724319e-05
OphioH327chr_5	2125000	2125000	0.00012814251162402785
OphioH327chr_5	2175000	2175000	4.835290744116502e-05
OphioH327chr_5	2225000	2225000	0.00022267190877091868
OphioH327chr_5	2275000	2275000	5.7527455803869244e-05
OphioH327chr_5	2325000	2325000	3.9124943178128454e-05
OphioH327chr_5	2375000	2375000	0.00017458150365934797
OphioH327chr_5	2425000	2425000	0.0001673587983890852
OphioH327chr_5	2475000	2475000	0.0006917344271610199
OphioH327chr_5	2525000	2525000	0.0003181727927575025
OphioH327chr_5	2575000	2575000	0.00033651065413603797
OphioH327chr_5	2625000	2625000	1.2961318518840642e-05
OphioH327chr_5	2675000	2675000	5.6383781748190296e-05
OphioH327chr_5	2725000	2725000	0.00011849931490912851
OphioH327chr_5	2775000	2775000	1.9363337796528814e-05
OphioH327chr_6	75000	75000	1.650883807169345e-05
OphioH327chr_6	125000	125000	2.45443270840654e-05
OphioH327chr_6	175000	175000	2.2088532970543976e-05
OphioH327chr_6	225000	225000	2.200172254216372e-05
OphioH327chr_6	275000	275000	1.0601504823931554e-05
OphioH327chr_6	325000	325000	1.781495660006551e-05
OphioH327chr_6	375000	375000	9.35852816718281e-05
OphioH327chr_6	425000	425000	4.861391054083223e-05
OphioH327chr_6	475000	475000	0.00015603821290044535
OphioH327chr_6	525000	525000	0.00019213969553537165
OphioH327chr_6	575000	575000	0.00017555147329650092
OphioH327chr_6	625000	625000	0.0002956948696520658
OphioH327chr_6	675000	675000	0.0004401923553762424
OphioH327chr_6	725000	725000	0.0008954941697654134
OphioH327chr_6	775000	775000	0.0006814528516952666
OphioH327chr_6	825000	825000	0.0005646287127700893
OphioH327chr_6	875000	875000	3.8998478270599294e-05
OphioH327chr_6	925000	925000	0.0004460513188822147
OphioH327chr_6	975000	975000	0.00030356029212653344
OphioH327chr_6	1025000	1025000	6.07149339161203e-05
OphioH327chr_6	1075000	1075000	7.948357857563273e-05
OphioH327chr_6	1125000	1125000	4.1447108137686093e-05
OphioH327chr_6	1175000	1175000	8.559387795318692e-05
OphioH327chr_6	1225000	1225000	0.0001166982431052094
OphioH327chr_6	1275000	1275000	7.477194486983155e-05
OphioH327chr_6	1325000	1325000	0.00018566941995550794
OphioH327chr_6	1375000	1375000	0.00026535724934774506
OphioH327chr_6	1425000	1425000	0.00039843363349560207
OphioH327chr_6	1475000	1475000	0.0003185128410393994
OphioH327chr_6	1525000	1525000	0.0007084833677259595
OphioH327chr_6	1575000	1575000	0.00043307352314467197
OphioH327chr_6	1625000	1625000	0.000328486829111453
OphioH327chr_6	1675000	1675000	0.00031224515541951895
OphioH327chr_6	1725000	1725000	0.00012859450901885484
OphioH327chr_6	1775000	1775000	0.0001637018990555499
OphioH327chr_6	1825000	1825000	0.0002560934201522095
OphioH327chr_6	1875000	1875000	0.0002025681852192317
OphioH327chr_6	1925000	1925000	0.00020252777714970498
OphioH327chr_6	1975000	1975000	0.0002691265960952302
OphioH327chr_6	2025000	2025000	9.977451126697508e-05
OphioH327chr_6	2075000	2075000	0.0001263568491310727
OphioH327chr_6	2125000	2125000	0.00018844249408709368
OphioH327chr_6	2175000	2175000	0.0006927483856988083
OphioH327chr_6	2225000	2225000	0.0010731134856761602
OphioH327chr_6	2275000	2275000	0.0006701864720394737
OphioH327chr_6	2325000	2325000	0.0003201894798633095
OphioH327chr_6	2375000	2375000	0.00013132596513075966
OphioH327chr_6	2425000	2425000	2.9290250373072456e-05
OphioH327chr_6	2475000	2475000	0.00017568008729527422
OphioH327chr_6	2525000	2525000	0.0006061523524072862
OphioH327chr_6	2575000	2575000	0.00024253508853464703
OphioH327chr_6	2625000	2625000	0.00028911739393812797
OphioH327chr_6	2675000	2675000	8.871808380571302e-05
OphioH327chr_6	2725000	2725000	5.008704312988205e-05
OphioH327chr_7	75000	75000	6.0900947749938096e-05
OphioH327chr_7	125000	125000	0.0002706840218433448
OphioH327chr_7	175000	175000	0.0010093528908921357
OphioH327chr_7	225000	225000	0.0004050626094778204
OphioH327chr_7	275000	275000	0.0008633945968249832
OphioH327chr_7	325000	325000	0.001196056295914422
OphioH327chr_7	375000	375000	0.0007498367136694353
OphioH327chr_7	425000	425000	0.0003701665803055112
OphioH327chr_7	475000	475000	0.0002569706188986826
OphioH327chr_7	525000	525000	0.0003350034303882196
OphioH327chr_7	575000	575000	0.0008159724915769578
OphioH327chr_7	625000	625000	0.00033810172993098436
OphioH327chr_7	675000	675000	0.0001377712258737611
OphioH327chr_7	725000	725000	0.000253777935150994
OphioH327chr_7	775000	775000	0.00011280009705097382
OphioH327chr_7	825000	825000	0.00017785036534122663
OphioH327chr_7	875000	875000	0.0003040002847505148
OphioH327chr_7	925000	925000	0.00013852696893331356
OphioH327chr_7	975000	975000	0.00019061449807917152
OphioH327chr_7	1025000	1025000	9.237326265703911e-05
OphioH327chr_7	1075000	1075000	0.0002524631956548174
OphioH327chr_7	1125000	1125000	0.00033315960591133003
OphioH327chr_7	1175000	1175000	0.00019002455343053714
OphioH327chr_7	1225000	1225000	0.00030435296507730125
OphioH327chr_7	1275000	1275000	0.00019649734318695413
OphioH327chr_7	1325000	1325000	0.00017302216852279893
OphioH327chr_7	1375000	1375000	0.0007880023983360217
OphioH327chr_7	1425000	1425000	0.0002085947184958276
OphioH327chr_7	1475000	1475000	4.268854369755022e-05
OphioH327chr_7	1525000	1525000	2.1712289628996267e-05
OphioH327chr_7	1575000	1575000	1.9629309101399107e-05
OphioH327chr_7	1625000	1625000	0.00027132261285031737
OphioH327chr_7	1675000	1675000	0.0002243364131879819
OphioH327chr_7	1725000	1725000	8.763352255509989e-05
OphioH327chr_7	1775000	1775000	0.0003617822350816891
OphioH327chr_7	1825000	1825000	5.830517174122816e-05
OphioH327chr_7	1875000	1875000	0.00039386953241057324
OphioH327chr_7	1925000	1925000	0.00046715644780546907
OphioH327chr_7	1975000	1975000	0.0006749699512440102
OphioH327chr_7	2025000	2025000	5.3418782458165036e-05
OphioH327chr_7	2075000	2075000	9.475216343635411e-05
OphioH327chr_7	2125000	2125000	0.00010830464745660507
OphioH327chr_7	2175000	2175000	0.00010527228111920797
OphioH327chr_7	2225000	2225000	6.310727254882716e-06
OphioH327chr_7	2275000	2275000	2.818270044807863e-05
OphioH327chr_7	2325000	2325000	0.00037039993910484113
OphioH327chr_7	2375000	2375000	0.0011250692921129712
OphioH327chr_7	2425000	2425000	0.0005799829279409936
OphioH327chr_7	2475000	2475000	0.0011905492474715482
OphioH327chr_7	2525000	2525000	0.0003308672050905531
OphioH327chr_7	2575000	2575000	0.0008416797417238042
OphioH327chr_7	2625000	2625000	0.0005594209235119233
OphioH327chr_7	2675000	2675000	0.0013572112003184926
OphioH327chr_7	2725000	2725000	4.689703471602582e-05
OphioH327chr_8	75000	75000	3.643548902775759e-05
OphioH327chr_8	125000	125000	2.1729329625123124e-05
OphioH327chr_8	175000	175000	0.00036299462320423426
OphioH327chr_8	225000	225000	0.00020571915742889993
OphioH327chr_8	275000	275000	0.000512198205682007
OphioH327chr_8	325000	325000	0.0010660521180623653
OphioH327chr_8	375000	375000	0.00048503031427099433
OphioH327chr_8	425000	425000	0.0008856926327193934
OphioH327chr_8	475000	475000	0.0006018453714622642
OphioH327chr_8	525000	525000	0.0005274064378119588
OphioH327chr_8	575000	575000	0.0006436111839804127
OphioH327chr_8	625000	625000	0.002020487766727366
OphioH327chr_8	675000	675000	0.002873309574873701
OphioH327chr_8	725000	725000	0.002207541018821604
OphioH327chr_8	775000	775000	0.0003443952045955959
OphioH327chr_8	825000	825000	0.000796376410645107
OphioH327chr_8	875000	875000	0.001166193695071471
OphioH327chr_8	925000	925000	0.000790946784033099
OphioH327chr_8	975000	975000	0.00018874009095460614
OphioH327chr_8	1025000	1025000	0.0001404336673677265
OphioH327chr_8	1075000	1075000	8.079562311516831e-05
OphioH327chr_8	1125000	1125000	0.00042582380238307527
OphioH327chr_8	1175000	1175000	0.000131307274854745
OphioH327chr_8	1225000	1225000	0.0010332105360405675
OphioH327chr_8	1275000	1275000	0.0012542441143042703
OphioH327chr_8	1325000	1325000	0.0010275752683363147
OphioH327chr_8	1375000	1375000	0.0002976009599739668
OphioH327chr_8	1425000	1425000	0.00035388851792713023
OphioH327chr_8	1475000	1475000	0.00035743584853685934
OphioH327chr_8	1525000	1525000	0.00010825456706431307
OphioH327chr_8	1575000	1575000	0.0001573871171916841
OphioH327chr_8	1625000	1625000	0.00020208548567015618
OphioH327chr_8	1675000	1675000	2.976541532888779e-05
OphioH327chr_8	1725000	1725000	5.95817463763621e-05
OphioH327chr_8	1775000	1775000	9.615022435433511e-05
OphioH327chr_8	1825000	1825000	6.409168711594232e-05
OphioH327chr_8	1875000	1875000	1.154932631700688e-05
OphioH327chr_8	1925000	1925000	8.461270289046546e-05
OphioH327chr_8	1975000	1975000	0.00019443854443551543
OphioH327chr_8	2025000	2025000	0.00020363328641969422
OphioH327chr_8	2075000	2075000	0.0021934995142844525
OphioH327chr_8	2125000	2125000	0.0012604366859249134
OphioH327chr_8	2175000	2175000	0.00019601731443600235
OphioH327chr_8	2225000	2225000	0.0002791300256261171
OphioH327chr_8	2275000	2275000	7.995542204737878e-05
OphioH327chr_8	2325000	2325000	3.639100462379151e-05
OphioH327chr_8	2375000	2375000	1.7733672053359595e-05
OphioH327chr_8	2425000	2425000	1.8632377295091807e-05
OphioH327chr_8	2475000	2475000	1.362428106160349e-05
