OphioH327chr_1	75000	75000	-2.189489
OphioH327chr_1	125000	125000	-2.282198
OphioH327chr_1	175000	175000	-2.1506950000000002
OphioH327chr_1	225000	225000	-2.290283
OphioH327chr_1	275000	275000	-2.0110349999999997
OphioH327chr_1	325000	325000	-1.372126
OphioH327chr_1	375000	375000	-1.454651
OphioH327chr_1	425000	425000	-1.204316
OphioH327chr_1	475000	475000	-1.0282719999999999
OphioH327chr_1	525000	525000	-1.583552
OphioH327chr_1	575000	575000	-2.188507
OphioH327chr_1	625000	625000	-2.177986
OphioH327chr_1	675000	675000	-2.162712
OphioH327chr_1	725000	725000	-2.007332
OphioH327chr_1	775000	775000	-0.391148
OphioH327chr_1	825000	825000	-0.377671
OphioH327chr_1	875000	875000	-0.437842
OphioH327chr_1	925000	925000	-1.010492
OphioH327chr_1	975000	975000	-2.124721
OphioH327chr_1	1025000	1025000	-1.427893
OphioH327chr_1	1075000	1075000	-2.112631
OphioH327chr_1	1125000	1125000	-1.4156819999999999
OphioH327chr_1	1175000	1175000	-1.156267
OphioH327chr_1	1225000	1225000	-1.218613
OphioH327chr_1	1275000	1275000	-1.889105
OphioH327chr_1	1325000	1325000	-0.70292
OphioH327chr_1	1375000	1375000	-1.13104
OphioH327chr_1	1425000	1425000	-1.33195
OphioH327chr_1	1475000	1475000	-1.812102
OphioH327chr_1	1525000	1525000	-1.434768
OphioH327chr_1	1575000	1575000	-1.5471780000000002
OphioH327chr_1	1625000	1625000	-0.877935
OphioH327chr_1	1675000	1675000	-1.219159
OphioH327chr_1	1725000	1725000	-0.8227
OphioH327chr_1	1775000	1775000	-0.19322899999999998
OphioH327chr_1	1825000	1825000	-1.098221
OphioH327chr_1	1875000	1875000	-1.198325
OphioH327chr_1	1925000	1925000	-1.249258
OphioH327chr_1	1975000	1975000	-1.7631880000000002
OphioH327chr_1	2025000	2025000	-2.238836
OphioH327chr_1	2075000	2075000	-2.306764
OphioH327chr_1	2125000	2125000	-2.2258009999999997
OphioH327chr_1	2175000	2175000	-1.9946110000000001
OphioH327chr_1	2225000	2225000	-2.000311
OphioH327chr_1	2275000	2275000	-2.109143
OphioH327chr_1	2325000	2325000	-2.094057
OphioH327chr_1	2375000	2375000	-2.309339
OphioH327chr_1	2425000	2425000	-1.3574629999999999
OphioH327chr_1	2475000	2475000	-1.5546280000000001
OphioH327chr_1	2525000	2525000	-1.679153
OphioH327chr_1	2575000	2575000	-1.624293
OphioH327chr_1	2625000	2625000	-1.454278
OphioH327chr_1	2675000	2675000	-1.284162
OphioH327chr_1	2725000	2725000	-1.264577
OphioH327chr_1	2775000	2775000	-1.1555469999999999
OphioH327chr_1	2825000	2825000	-1.39703
OphioH327chr_1	2875000	2875000	-1.7818720000000001
OphioH327chr_1	2925000	2925000	-1.64225
OphioH327chr_1	2975000	2975000	-0.86374
OphioH327chr_1	3025000	3025000	-0.861959
OphioH327chr_1	3075000	3075000	-1.489806
OphioH327chr_1	3125000	3125000	-2.429916
OphioH327chr_1	3175000	3175000	-1.882873
OphioH327chr_1	3225000	3225000	-1.136802
OphioH327chr_1	3275000	3275000	-0.823023
OphioH327chr_1	3325000	3325000	-1.1522540000000001
OphioH327chr_1	3375000	3375000	-0.9226559999999999
OphioH327chr_1	3425000	3425000	-1.0482870000000002
OphioH327chr_1	3475000	3475000	-1.475357
OphioH327chr_1	3525000	3525000	-0.798268
OphioH327chr_1	3575000	3575000	-0.6889430000000001
OphioH327chr_1	3625000	3625000	-0.664664
OphioH327chr_1	3675000	3675000	-0.717097
OphioH327chr_1	3725000	3725000	-0.664242
OphioH327chr_1	3775000	3775000	-0.43473900000000004
OphioH327chr_1	3825000	3825000	-1.48335
OphioH327chr_1	3875000	3875000	-0.36425100000000005
OphioH327chr_1	3925000	3925000	-1.5949520000000001
OphioH327chr_1	3975000	3975000	-1.090441
OphioH327chr_1	4025000	4025000	-1.207982
OphioH327chr_1	4075000	4075000	-1.527708
OphioH327chr_1	4125000	4125000	-0.987347
OphioH327chr_1	4175000	4175000	-1.171678
OphioH327chr_1	4225000	4225000	-1.35456
OphioH327chr_1	4275000	4275000	-1.031995
OphioH327chr_1	4325000	4325000	-1.682463
OphioH327chr_1	4375000	4375000	-0.9304040000000001
OphioH327chr_1	4425000	4425000	-0.46411199999999997
OphioH327chr_1	4475000	4475000	-1.721715
OphioH327chr_1	4525000	4525000	-0.708569
OphioH327chr_1	4575000	4575000	-1.674235
OphioH327chr_1	4625000	4625000	-1.398362
OphioH327chr_1	4675000	4675000	-0.71675
OphioH327chr_1	4725000	4725000	-1.2601040000000001
OphioH327chr_1	4775000	4775000	-1.434628
OphioH327chr_1	4825000	4825000	-1.29776
OphioH327chr_1	4875000	4875000	-0.991445
OphioH327chr_1	4925000	4925000	-1.676196
OphioH327chr_1	4975000	4975000	-1.484568
OphioH327chr_1	5025000	5025000	-0.8641260000000001
OphioH327chr_1	5075000	5075000	-0.538976
OphioH327chr_1	5125000	5125000	-1.8483029999999998
OphioH327chr_1	5175000	5175000	-0.9091040000000001
OphioH327chr_1	5225000	5225000	-0.712904
OphioH327chr_1	5275000	5275000	-0.817388
OphioH327chr_1	5325000	5325000	-1.083004
OphioH327chr_1	5375000	5375000	-1.76109
OphioH327chr_1	5425000	5425000	-1.8302490000000002
OphioH327chr_1	5475000	5475000	-1.604733
OphioH327chr_1	5525000	5525000	-1.7082400000000002
OphioH327chr_1	5575000	5575000	-1.466724
OphioH327chr_1	5625000	5625000	-1.5018209999999999
OphioH327chr_1	5675000	5675000	-1.183003
OphioH327chr_1	5725000	5725000	-1.566729
OphioH327chr_1	5775000	5775000	-2.033958
OphioH327chr_1	5825000	5825000	-1.303164
OphioH327chr_1	5875000	5875000	-1.47345
OphioH327chr_1	5925000	5925000	-0.446383
OphioH327chr_1	5975000	5975000	-0.896482
OphioH327chr_1	6025000	6025000	-1.387008
OphioH327chr_1	6075000	6075000	-1.711011
OphioH327chr_1	6125000	6125000	-1.591651
OphioH327chr_1	6175000	6175000	-2.045085
OphioH327chr_1	6225000	6225000	-1.646668
OphioH327chr_1	6275000	6275000	-0.934795
OphioH327chr_1	6325000	6325000	-1.4514770000000001
OphioH327chr_1	6375000	6375000	-0.996075
OphioH327chr_1	6425000	6425000	-1.19805
OphioH327chr_1	6475000	6475000	-1.220576
OphioH327chr_1	6525000	6525000	-1.8741759999999998
OphioH327chr_1	6575000	6575000	-1.7833919999999999
OphioH327chr_1	6625000	6625000	-1.207281
OphioH327chr_1	6675000	6675000	-0.973772
OphioH327chr_1	6725000	6725000	-1.55795
OphioH327chr_1	6775000	6775000	-1.9026900000000002
OphioH327chr_1	6825000	6825000	-1.942561
OphioH327chr_1	6875000	6875000	-1.027929
OphioH327chr_2	75000	75000	-2.366536
OphioH327chr_2	125000	125000	-1.2923440000000002
OphioH327chr_2	175000	175000	-1.8409779999999998
OphioH327chr_2	225000	225000	-1.8267790000000002
OphioH327chr_2	275000	275000	-1.6411369999999998
OphioH327chr_2	325000	325000	-1.664398
OphioH327chr_2	375000	375000	-1.475106
OphioH327chr_2	425000	425000	-1.376227
OphioH327chr_2	475000	475000	-1.9936909999999999
OphioH327chr_2	525000	525000	-1.295708
OphioH327chr_2	575000	575000	-1.3832360000000001
OphioH327chr_2	625000	625000	-1.466548
OphioH327chr_2	675000	675000	-2.0076669999999996
OphioH327chr_2	725000	725000	-2.329843
OphioH327chr_2	775000	775000	-1.296789
OphioH327chr_2	825000	825000	-1.599604
OphioH327chr_2	875000	875000	-1.984593
OphioH327chr_2	925000	925000	-1.246566
OphioH327chr_2	975000	975000	-1.945057
OphioH327chr_2	1025000	1025000	-1.667113
OphioH327chr_2	1125000	1125000	-1.7319240000000002
OphioH327chr_2	1175000	1175000	-1.24319
OphioH327chr_2	1225000	1225000	-2.240103
OphioH327chr_2	1275000	1275000	-2.216773
OphioH327chr_2	1325000	1325000	-1.54911
OphioH327chr_2	1375000	1375000	-1.466907
OphioH327chr_2	1425000	1425000	-1.388601
OphioH327chr_2	1475000	1475000	-1.977106
OphioH327chr_2	1525000	1525000	-2.094184
OphioH327chr_2	1575000	1575000	-2.246729
OphioH327chr_2	1625000	1625000	-1.780991
OphioH327chr_2	1675000	1675000	-2.0354900000000002
OphioH327chr_2	1725000	1725000	-1.846397
OphioH327chr_2	1775000	1775000	-2.203625
OphioH327chr_2	1825000	1825000	-1.85333
OphioH327chr_2	1875000	1875000	-2.0654220000000003
OphioH327chr_2	1925000	1925000	-2.141206
OphioH327chr_2	1975000	1975000	-1.831964
OphioH327chr_2	2025000	2025000	-2.1947740000000002
OphioH327chr_2	2075000	2075000	-2.130629
OphioH327chr_2	2125000	2125000	-1.801
OphioH327chr_2	2175000	2175000	-2.264478
OphioH327chr_2	2225000	2225000	-2.219793
OphioH327chr_2	2275000	2275000	-2.337913
OphioH327chr_2	2325000	2325000	-2.079745
OphioH327chr_2	2375000	2375000	-2.028899
OphioH327chr_2	2425000	2425000	-2.1971220000000002
OphioH327chr_2	2475000	2475000	-2.121245
OphioH327chr_2	2525000	2525000	-1.965454
OphioH327chr_2	2575000	2575000	-2.3643419999999997
OphioH327chr_2	2625000	2625000	-1.903716
OphioH327chr_2	2675000	2675000	-2.062666
OphioH327chr_2	2725000	2725000	-1.7405220000000001
OphioH327chr_2	2775000	2775000	-1.721386
OphioH327chr_2	2825000	2825000	-2.065597
OphioH327chr_2	2875000	2875000	-1.790285
OphioH327chr_2	2925000	2925000	-1.8786439999999998
OphioH327chr_2	2975000	2975000	-1.78072
OphioH327chr_2	3025000	3025000	-1.7958009999999998
OphioH327chr_2	3075000	3075000	-1.629204
OphioH327chr_2	3125000	3125000	-1.264278
OphioH327chr_2	3175000	3175000	-1.968205
OphioH327chr_2	3225000	3225000	-1.827641
OphioH327chr_2	3275000	3275000	-1.927328
OphioH327chr_2	3325000	3325000	-2.043041
OphioH327chr_2	3375000	3375000	-0.928969
OphioH327chr_2	3425000	3425000	-2.254089
OphioH327chr_2	3475000	3475000	-1.7890080000000002
OphioH327chr_2	3525000	3525000	-2.3879759999999997
OphioH327chr_2	3575000	3575000	-1.4393040000000001
OphioH327chr_2	3625000	3625000	-2.173091
OphioH327chr_2	3675000	3675000	-2.390981
OphioH327chr_2	3725000	3725000	-2.309368
OphioH327chr_2	3825000	3825000	-1.763368
OphioH327chr_2	3875000	3875000	-2.283399
OphioH327chr_2	3925000	3925000	-2.3394630000000003
OphioH327chr_2	3975000	3975000	-2.323285
OphioH327chr_2	4025000	4025000	-1.321482
OphioH327chr_2	4075000	4075000	-1.244794
OphioH327chr_2	4125000	4125000	-1.4456
OphioH327chr_2	4175000	4175000	-1.305318
OphioH327chr_2	4225000	4225000	-1.802375
OphioH327chr_2	4275000	4275000	-1.6727319999999999
OphioH327chr_2	4325000	4325000	-0.732039
OphioH327chr_2	4375000	4375000	-1.627271
OphioH327chr_2	4425000	4425000	-1.214749
OphioH327chr_2	4475000	4475000	-1.669964
OphioH327chr_2	4525000	4525000	-1.213634
OphioH327chr_2	4575000	4575000	-2.091609
OphioH327chr_2	4625000	4625000	-1.473633
OphioH327chr_2	4675000	4675000	-0.669296
OphioH327chr_2	4725000	4725000	-2.191003
OphioH327chr_2	4775000	4775000	-2.199337
OphioH327chr_2	4825000	4825000	-2.3046830000000003
OphioH327chr_2	4875000	4875000	-2.293734
OphioH327chr_2	4925000	4925000	-2.18588
OphioH327chr_2	4975000	4975000	-2.248993
OphioH327chr_2	5025000	5025000	-2.2685169999999997
OphioH327chr_2	5075000	5075000	-2.253474
OphioH327chr_2	5125000	5125000	-2.3060080000000003
OphioH327chr_2	5175000	5175000	-2.320089
OphioH327chr_2	5225000	5225000	-2.272448
OphioH327chr_2	5275000	5275000	-2.089251
OphioH327chr_2	5325000	5325000	-0.539513
OphioH327chr_2	5375000	5375000	1.069698
OphioH327chr_2	5425000	5425000	-0.569721
OphioH327chr_2	5475000	5475000	-0.639027
OphioH327chr_2	5525000	5525000	-0.662146
OphioH327chr_2	5575000	5575000	-1.525654
OphioH327chr_2	5625000	5625000	-2.073454
OphioH327chr_2	5675000	5675000	-2.258587
OphioH327chr_2	5725000	5725000	-2.232823
OphioH327chr_2	5775000	5775000	-2.225495
OphioH327chr_2	5825000	5825000	-1.9122700000000001
OphioH327chr_2	5875000	5875000	-1.204804
OphioH327chr_2	5925000	5925000	-1.222342
OphioH327chr_2	6025000	6025000	-1.553718
OphioH327chr_2	6075000	6075000	-0.9211440000000001
OphioH327chr_2	6125000	6125000	-1.423295
OphioH327chr_2	6175000	6175000	-2.1354349999999998
OphioH327chr_2	6225000	6225000	-1.825064
OphioH327chr_2	6275000	6275000	-2.1450240000000003
OphioH327chr_2	6325000	6325000	-1.808672
OphioH327chr_2	6375000	6375000	-2.126
OphioH327chr_2	6425000	6425000	-1.61548
OphioH327chr_2	6475000	6475000	-2.208437
OphioH327chr_2	6525000	6525000	-0.39760700000000004
OphioH327chr_2	6575000	6575000	-2.315849
OphioH327chr_2	6625000	6625000	-0.9758760000000001
OphioH327chr_2	6675000	6675000	-1.128158
OphioH327chr_2	6725000	6725000	-1.6463310000000002
OphioH327chr_3	75000	75000	-2.121104
OphioH327chr_3	125000	125000	-1.658837
OphioH327chr_3	175000	175000	-2.320893
OphioH327chr_3	225000	225000	-2.14882
OphioH327chr_3	275000	275000	-2.1905509999999997
OphioH327chr_3	325000	325000	-1.9384759999999999
OphioH327chr_3	375000	375000	-1.916621
OphioH327chr_3	425000	425000	-1.655604
OphioH327chr_3	475000	475000	-0.928365
OphioH327chr_3	525000	525000	-0.955676
OphioH327chr_3	575000	575000	-1.2281469999999999
OphioH327chr_3	625000	625000	-1.0719319999999999
OphioH327chr_3	675000	675000	-1.166318
OphioH327chr_3	725000	725000	-1.151901
OphioH327chr_3	775000	775000	-1.0253290000000002
OphioH327chr_3	825000	825000	-0.554948
OphioH327chr_3	875000	875000	-0.178239
OphioH327chr_3	925000	925000	-0.661968
OphioH327chr_3	975000	975000	-0.9460149999999999
OphioH327chr_3	1025000	1025000	-1.0483149999999999
OphioH327chr_3	1075000	1075000	-2.088662
OphioH327chr_3	1125000	1125000	-2.0543139999999998
OphioH327chr_3	1175000	1175000	-1.830197
OphioH327chr_3	1275000	1275000	-1.9630990000000001
OphioH327chr_3	1325000	1325000	-1.957253
OphioH327chr_3	1375000	1375000	-2.112547
OphioH327chr_3	1425000	1425000	-2.117426
OphioH327chr_3	1475000	1475000	-2.1057200000000003
OphioH327chr_3	1525000	1525000	-2.133346
OphioH327chr_3	1575000	1575000	-1.907827
OphioH327chr_3	1625000	1625000	-1.8900400000000002
OphioH327chr_3	1675000	1675000	-1.718091
OphioH327chr_3	1725000	1725000	-1.963583
OphioH327chr_3	1775000	1775000	-1.6585419999999997
OphioH327chr_3	1825000	1825000	-2.1246419999999997
OphioH327chr_3	1875000	1875000	-1.188107
OphioH327chr_3	1925000	1925000	-2.328452
OphioH327chr_3	1975000	1975000	-1.745098
OphioH327chr_3	2025000	2025000	-1.883166
OphioH327chr_3	2075000	2075000	-1.6547880000000001
OphioH327chr_3	2125000	2125000	-2.10534
OphioH327chr_3	2175000	2175000	-2.023459
OphioH327chr_3	2225000	2225000	-2.05108
OphioH327chr_3	2275000	2275000	-2.247227
OphioH327chr_3	2325000	2325000	-2.07353
OphioH327chr_3	2375000	2375000	-2.243478
OphioH327chr_3	2425000	2425000	-2.0938060000000003
OphioH327chr_3	2475000	2475000	-1.4343540000000001
OphioH327chr_3	2525000	2525000	-1.569015
OphioH327chr_3	2575000	2575000	-1.1734200000000001
OphioH327chr_3	2625000	2625000	-1.3501239999999999
OphioH327chr_3	2675000	2675000	-1.4384709999999998
OphioH327chr_3	2725000	2725000	-1.419132
OphioH327chr_3	2775000	2775000	-1.429758
OphioH327chr_3	2825000	2825000	-1.324093
OphioH327chr_3	2875000	2875000	-1.223396
OphioH327chr_3	2925000	2925000	-1.407437
OphioH327chr_3	2975000	2975000	-2.128321
OphioH327chr_3	3025000	3025000	-1.407716
OphioH327chr_3	3075000	3075000	-1.586177
OphioH327chr_3	3125000	3125000	-1.187211
OphioH327chr_3	3175000	3175000	-0.854942
OphioH327chr_3	3225000	3225000	-1.201957
OphioH327chr_3	3275000	3275000	-0.9099959999999999
OphioH327chr_3	3325000	3325000	-1.5324520000000001
OphioH327chr_3	3375000	3375000	-1.112235
OphioH327chr_3	3425000	3425000	-1.714847
OphioH327chr_3	3475000	3475000	-2.0019139999999997
OphioH327chr_3	3525000	3525000	-2.289893
OphioH327chr_3	3575000	3575000	-1.8869200000000002
OphioH327chr_4	75000	75000	-2.243693
OphioH327chr_4	125000	125000	-2.086271
OphioH327chr_4	175000	175000	-1.9731400000000001
OphioH327chr_4	225000	225000	-1.6826169999999998
OphioH327chr_4	275000	275000	-1.8307360000000001
OphioH327chr_4	325000	325000	-0.994776
OphioH327chr_4	375000	375000	-1.846493
OphioH327chr_4	425000	425000	-1.6543990000000002
OphioH327chr_4	475000	475000	-1.106934
OphioH327chr_4	525000	525000	-1.15225
OphioH327chr_4	575000	575000	-1.480037
OphioH327chr_4	625000	625000	-2.096805
OphioH327chr_4	675000	675000	-2.130855
OphioH327chr_4	725000	725000	-2.085518
OphioH327chr_4	775000	775000	-1.842185
OphioH327chr_4	825000	825000	-2.240597
OphioH327chr_4	875000	875000	0.14565699999999998
OphioH327chr_4	925000	925000	-2.280681
OphioH327chr_4	975000	975000	-2.3422389999999997
OphioH327chr_4	1025000	1025000	-2.132606
OphioH327chr_4	1075000	1075000	-1.614539
OphioH327chr_4	1125000	1125000	-1.371326
OphioH327chr_4	1175000	1175000	-1.200905
OphioH327chr_4	1225000	1225000	-1.4613399999999999
OphioH327chr_4	1275000	1275000	-1.677073
OphioH327chr_4	1325000	1325000	-1.364015
OphioH327chr_4	1375000	1375000	-1.4103809999999999
OphioH327chr_4	1425000	1425000	-1.803942
OphioH327chr_4	1475000	1475000	-1.9125290000000001
OphioH327chr_4	1525000	1525000	-1.83581
OphioH327chr_4	1575000	1575000	-2.1222779999999997
OphioH327chr_4	1625000	1625000	-2.3064259999999996
OphioH327chr_4	1675000	1675000	-2.276675
OphioH327chr_4	1725000	1725000	-2.3228880000000003
OphioH327chr_4	1775000	1775000	-2.305828
OphioH327chr_4	1825000	1825000	-2.041544
OphioH327chr_4	1875000	1875000	-2.095228
OphioH327chr_4	1925000	1925000	-2.254955
OphioH327chr_4	1975000	1975000	-2.342524
OphioH327chr_4	2025000	2025000	-1.260835
OphioH327chr_4	2075000	2075000	-1.35664
OphioH327chr_4	2125000	2125000	-1.070983
OphioH327chr_4	2175000	2175000	-2.031114
OphioH327chr_4	2225000	2225000	-1.769807
OphioH327chr_4	2275000	2275000	-2.120432
OphioH327chr_4	2325000	2325000	-1.849762
OphioH327chr_4	2375000	2375000	-1.888612
OphioH327chr_4	2425000	2425000	-1.700635
OphioH327chr_4	2475000	2475000	-1.200589
OphioH327chr_4	2525000	2525000	-1.6449619999999998
OphioH327chr_4	2575000	2575000	-1.180288
OphioH327chr_4	2625000	2625000	-1.91458
OphioH327chr_4	2675000	2675000	-2.168079
OphioH327chr_4	2725000	2725000	-2.173347
OphioH327chr_4	2775000	2775000	-2.0074240000000003
OphioH327chr_4	2825000	2825000	-1.059221
OphioH327chr_4	2875000	2875000	-1.574409
OphioH327chr_4	2925000	2925000	-0.9612729999999999
OphioH327chr_4	2975000	2975000	0.25335100000000005
OphioH327chr_4	3025000	3025000	1.02502
OphioH327chr_4	3075000	3075000	0.50374
OphioH327chr_4	3125000	3125000	-0.2813
OphioH327chr_4	3175000	3175000	-1.043013
OphioH327chr_4	3225000	3225000	-1.352831
OphioH327chr_4	3275000	3275000	-1.219193
OphioH327chr_4	3325000	3325000	-1.3286440000000002
OphioH327chr_5	75000	75000	-1.843705
OphioH327chr_5	125000	125000	-1.444208
OphioH327chr_5	175000	175000	-0.26202600000000004
OphioH327chr_5	225000	225000	-2.064895
OphioH327chr_5	275000	275000	-2.126268
OphioH327chr_5	325000	325000	-1.959599
OphioH327chr_5	375000	375000	-1.350954
OphioH327chr_5	425000	425000	-1.260377
OphioH327chr_5	475000	475000	-0.588767
OphioH327chr_5	525000	525000	-1.500534
OphioH327chr_5	575000	575000	-1.077972
OphioH327chr_5	625000	625000	-0.9765790000000001
OphioH327chr_5	675000	675000	-1.9978919999999998
OphioH327chr_5	725000	725000	-2.2212419999999997
OphioH327chr_5	775000	775000	-1.643736
OphioH327chr_5	825000	825000	-1.9894889999999998
OphioH327chr_5	875000	875000	-2.008895
OphioH327chr_5	925000	925000	-2.078923
OphioH327chr_5	975000	975000	-2.1569540000000003
OphioH327chr_5	1025000	1025000	-2.1051189999999997
OphioH327chr_5	1075000	1075000	-1.9763939999999998
OphioH327chr_5	1125000	1125000	-2.12135
OphioH327chr_5	1175000	1175000	-2.240641
OphioH327chr_5	1225000	1225000	-2.138072
OphioH327chr_5	1275000	1275000	-1.8227060000000002
OphioH327chr_5	1325000	1325000	-2.1169860000000003
OphioH327chr_5	1375000	1375000	-1.8908580000000001
OphioH327chr_5	1425000	1425000	-2.141945
OphioH327chr_5	1475000	1475000	-1.851073
OphioH327chr_5	1525000	1525000	-1.4920229999999999
OphioH327chr_5	1575000	1575000	-2.169657
OphioH327chr_5	1625000	1625000	-1.85592
OphioH327chr_5	1675000	1675000	-1.8873900000000001
OphioH327chr_5	1775000	1775000	-1.625097
OphioH327chr_5	1825000	1825000	-1.293459
OphioH327chr_5	1875000	1875000	-1.806807
OphioH327chr_5	1925000	1925000	-1.294394
OphioH327chr_5	1975000	1975000	-1.575807
OphioH327chr_5	2025000	2025000	-1.842989
OphioH327chr_5	2075000	2075000	-1.952225
OphioH327chr_5	2125000	2125000	-1.7564919999999997
OphioH327chr_5	2175000	2175000	-1.8240349999999999
OphioH327chr_5	2225000	2225000	-1.7561259999999999
OphioH327chr_5	2275000	2275000	-2.057168
OphioH327chr_5	2325000	2325000	-1.681443
OphioH327chr_5	2375000	2375000	-2.262782
OphioH327chr_5	2425000	2425000	-1.7847979999999999
OphioH327chr_5	2475000	2475000	-1.850004
OphioH327chr_5	2525000	2525000	-1.358743
OphioH327chr_5	2575000	2575000	-1.7681380000000002
OphioH327chr_5	2625000	2625000	-2.2325209999999998
OphioH327chr_5	2675000	2675000	-1.9551180000000001
OphioH327chr_5	2725000	2725000	-1.181241
OphioH327chr_5	2775000	2775000	-2.257116
OphioH327chr_6	75000	75000	-2.345175
OphioH327chr_6	125000	125000	-2.1921169999999996
OphioH327chr_6	175000	175000	-2.2576650000000003
OphioH327chr_6	225000	225000	-1.140403
OphioH327chr_6	275000	275000	-2.1886490000000003
OphioH327chr_6	325000	325000	-1.9819689999999999
OphioH327chr_6	375000	375000	-1.653732
OphioH327chr_6	425000	425000	-2.359538
OphioH327chr_6	475000	475000	-1.378055
OphioH327chr_6	525000	525000	-1.823538
OphioH327chr_6	575000	575000	-2.144459
OphioH327chr_6	625000	625000	-2.255846
OphioH327chr_6	675000	675000	-2.101644
OphioH327chr_6	725000	725000	-1.9116330000000001
OphioH327chr_6	775000	775000	-1.186021
OphioH327chr_6	825000	825000	-1.128142
OphioH327chr_6	875000	875000	-2.064098
OphioH327chr_6	925000	925000	-1.225127
OphioH327chr_6	975000	975000	-1.030139
OphioH327chr_6	1025000	1025000	-1.312216
OphioH327chr_6	1075000	1075000	-0.688828
OphioH327chr_6	1125000	1125000	-1.809135
OphioH327chr_6	1175000	1175000	-1.429096
OphioH327chr_6	1225000	1225000	-1.2322790000000001
OphioH327chr_6	1275000	1275000	-1.473268
OphioH327chr_6	1325000	1325000	-1.648138
OphioH327chr_6	1375000	1375000	-1.395406
OphioH327chr_6	1425000	1425000	-0.285587
OphioH327chr_6	1475000	1475000	-0.532632
OphioH327chr_6	1525000	1525000	-1.021556
OphioH327chr_6	1575000	1575000	-1.242323
OphioH327chr_6	1625000	1625000	-1.1032620000000002
OphioH327chr_6	1675000	1675000	-0.385263
OphioH327chr_6	1725000	1725000	-0.607677
OphioH327chr_6	1775000	1775000	-0.94814
OphioH327chr_6	1825000	1825000	-0.531536
OphioH327chr_6	1875000	1875000	-0.7613300000000001
OphioH327chr_6	1925000	1925000	-0.60497
OphioH327chr_6	1975000	1975000	-0.287988
OphioH327chr_6	2025000	2025000	-1.163073
OphioH327chr_6	2075000	2075000	-0.550732
OphioH327chr_6	2125000	2125000	-0.203648
OphioH327chr_6	2175000	2175000	-0.389225
OphioH327chr_6	2225000	2225000	-0.128743
OphioH327chr_6	2275000	2275000	-0.24419000000000002
OphioH327chr_6	2325000	2325000	-0.570962
OphioH327chr_6	2375000	2375000	-1.960027
OphioH327chr_6	2425000	2425000	-2.288192
OphioH327chr_6	2475000	2475000	-1.403969
OphioH327chr_6	2525000	2525000	-1.042022
OphioH327chr_6	2575000	2575000	-1.123506
OphioH327chr_6	2625000	2625000	-1.189128
OphioH327chr_6	2675000	2675000	-1.4958799999999999
OphioH327chr_6	2725000	2725000	-2.0948740000000003
OphioH327chr_7	75000	75000	-2.135961
OphioH327chr_7	125000	125000	-2.1472849999999997
OphioH327chr_7	175000	175000	-2.111612
OphioH327chr_7	225000	225000	-1.895376
OphioH327chr_7	275000	275000	-1.9016279999999999
OphioH327chr_7	325000	325000	-1.741934
OphioH327chr_7	375000	375000	-1.9701400000000002
OphioH327chr_7	425000	425000	-2.1313009999999997
OphioH327chr_7	475000	475000	-2.201711
OphioH327chr_7	525000	525000	-2.036049
OphioH327chr_7	575000	575000	-1.2205290000000002
OphioH327chr_7	625000	625000	-1.353233
OphioH327chr_7	675000	675000	-1.413174
OphioH327chr_7	725000	725000	-1.355793
OphioH327chr_7	775000	775000	-1.227829
OphioH327chr_7	825000	825000	-1.442595
OphioH327chr_7	875000	875000	-1.9543869999999999
OphioH327chr_7	925000	925000	-2.028952
OphioH327chr_7	975000	975000	-2.204196
OphioH327chr_7	1025000	1025000	-2.2913099999999997
OphioH327chr_7	1075000	1075000	-2.097861
OphioH327chr_7	1125000	1125000	-1.308361
OphioH327chr_7	1175000	1175000	-1.3397940000000002
OphioH327chr_7	1225000	1225000	-1.919909
OphioH327chr_7	1275000	1275000	-2.15178
OphioH327chr_7	1325000	1325000	-2.2099759999999997
OphioH327chr_7	1375000	1375000	-1.8411060000000001
OphioH327chr_7	1425000	1425000	-1.3592469999999999
OphioH327chr_7	1475000	1475000	-1.626806
OphioH327chr_7	1525000	1525000	-2.003699
OphioH327chr_7	1575000	1575000	-1.618957
OphioH327chr_7	1625000	1625000	-1.921189
OphioH327chr_7	1675000	1675000	-2.052173
OphioH327chr_7	1725000	1725000	-2.177988
OphioH327chr_7	1775000	1775000	-2.109331
OphioH327chr_7	1825000	1825000	-2.011882
OphioH327chr_7	1875000	1875000	-2.154994
OphioH327chr_7	1925000	1925000	-2.2827509999999998
OphioH327chr_7	1975000	1975000	-1.7865919999999997
OphioH327chr_7	2025000	2025000	-1.128817
OphioH327chr_7	2075000	2075000	-1.687328
OphioH327chr_7	2125000	2125000	-1.547375
OphioH327chr_7	2175000	2175000	-1.1345120000000002
OphioH327chr_7	2275000	2275000	-2.308744
OphioH327chr_7	2325000	2325000	-2.186122
OphioH327chr_7	2375000	2375000	-1.721425
OphioH327chr_7	2425000	2425000	-1.956132
OphioH327chr_7	2475000	2475000	-1.7940919999999998
OphioH327chr_7	2525000	2525000	-1.096429
OphioH327chr_7	2575000	2575000	-1.0499450000000001
OphioH327chr_7	2625000	2625000	-0.7864479999999999
OphioH327chr_7	2675000	2675000	-1.434328
OphioH327chr_7	2725000	2725000	-1.6788419999999997
OphioH327chr_8	75000	75000	-2.198681
OphioH327chr_8	125000	125000	-2.110982
OphioH327chr_8	175000	175000	-2.3881900000000003
OphioH327chr_8	225000	225000	-2.311729
OphioH327chr_8	275000	275000	-1.417641
OphioH327chr_8	325000	325000	-0.952074
OphioH327chr_8	375000	375000	-1.054462
OphioH327chr_8	425000	425000	-0.9643290000000001
OphioH327chr_8	575000	575000	-1.9763830000000002
OphioH327chr_8	625000	625000	-1.110666
OphioH327chr_8	675000	675000	-0.980925
OphioH327chr_8	725000	725000	-1.045558
OphioH327chr_8	775000	775000	-0.681017
OphioH327chr_8	825000	825000	-1.7070009999999998
OphioH327chr_8	875000	875000	-1.3675629999999999
OphioH327chr_8	925000	925000	-0.974311
OphioH327chr_8	975000	975000	-1.491012
OphioH327chr_8	1025000	1025000	-1.2235209999999999
OphioH327chr_8	1075000	1075000	-1.792587
OphioH327chr_8	1125000	1125000	-1.124423
OphioH327chr_8	1175000	1175000	-1.354328
OphioH327chr_8	1225000	1225000	-1.140435
OphioH327chr_8	1275000	1275000	-0.9656629999999999
OphioH327chr_8	1325000	1325000	-0.864806
OphioH327chr_8	1375000	1375000	-1.160035
OphioH327chr_8	1425000	1425000	-1.9548849999999998
OphioH327chr_8	1475000	1475000	-1.7328130000000002
OphioH327chr_8	1575000	1575000	-1.9298669999999998
OphioH327chr_8	1625000	1625000	-1.591322
OphioH327chr_8	1675000	1675000	-2.207393
OphioH327chr_8	1725000	1725000	-1.744766
OphioH327chr_8	1775000	1775000	-1.7923
OphioH327chr_8	1825000	1825000	-1.8911209999999998
OphioH327chr_8	1875000	1875000	-2.150598
OphioH327chr_8	1925000	1925000	-1.722982
OphioH327chr_8	1975000	1975000	-1.5784719999999999
OphioH327chr_8	2025000	2025000	-1.838654
OphioH327chr_8	2075000	2075000	-2.1703580000000002
OphioH327chr_8	2125000	2125000	-2.083352
OphioH327chr_8	2175000	2175000	-1.769095
OphioH327chr_8	2225000	2225000	-1.8839990000000002
OphioH327chr_8	2275000	2275000	-1.908391
OphioH327chr_8	2325000	2325000	-1.803109
OphioH327chr_8	2375000	2375000	-2.289022
OphioH327chr_8	2425000	2425000	-2.096359
OphioH327chr_8	2475000	2475000	-2.337281
