OphioH327chr_1	75000	75000	0.005621697723672052
OphioH327chr_1	125000	125000	0.007264485714312019
OphioH327chr_1	175000	175000	0.011438872024189783
OphioH327chr_1	225000	225000	0.015092771720662826
OphioH327chr_1	275000	275000	0.015893623560100323
OphioH327chr_1	325000	325000	0.012043724966608937
OphioH327chr_1	375000	375000	0.01656257044100778
OphioH327chr_1	425000	425000	0.016303389785887995
OphioH327chr_1	475000	475000	0.014933971729836678
OphioH327chr_1	525000	525000	0.004298731206689305
OphioH327chr_1	575000	575000	0.003938973468709565
OphioH327chr_1	625000	625000	0.0030469301732767512
OphioH327chr_1	675000	675000	0.002693611919792719
OphioH327chr_1	725000	725000	0.0031694060799191586
OphioH327chr_1	775000	775000	0.003021176444262168
OphioH327chr_1	825000	825000	0.002028589002826266
OphioH327chr_1	875000	875000	0.002297048062254486
OphioH327chr_1	925000	925000	0.002630785477743773
OphioH327chr_1	975000	975000	0.0027297361477801752
OphioH327chr_1	1025000	1025000	0.010815478083865628
OphioH327chr_1	1075000	1075000	0.002102343645280715
OphioH327chr_1	1125000	1125000	0.00315256461638057
OphioH327chr_1	1175000	1175000	0.0022042584970572545
OphioH327chr_1	1225000	1225000	0.002667802288200184
OphioH327chr_1	1275000	1275000	0.0011733512237688598
OphioH327chr_1	1325000	1325000	0.0028251115701079218
OphioH327chr_1	1375000	1375000	0.001953191588405388
OphioH327chr_1	1425000	1425000	0.001050635414113538
OphioH327chr_1	1475000	1475000	0.0031116250245999625
OphioH327chr_1	1525000	1525000	0.0005581070641356288
OphioH327chr_1	1575000	1575000	0.0010390611032267602
OphioH327chr_1	1625000	1625000	0.001343147512120315
OphioH327chr_1	1675000	1675000	0.0014530564532434576
OphioH327chr_1	1725000	1725000	0.0022481731950575808
OphioH327chr_1	1775000	1775000	0.004232029920114311
OphioH327chr_1	1825000	1825000	0.002639123823706915
OphioH327chr_1	1875000	1875000	0.0027791971430097605
OphioH327chr_1	1925000	1925000	0.0032976629480259137
OphioH327chr_1	1975000	1975000	0.003354429032071787
OphioH327chr_1	2025000	2025000	0.003366573322276009
OphioH327chr_1	2075000	2075000	0.0020116552098463805
OphioH327chr_1	2125000	2125000	0.003562877586546755
OphioH327chr_1	2175000	2175000	0.0021144714415443646
OphioH327chr_1	2225000	2225000	0.001676059679935859
OphioH327chr_1	2275000	2275000	0.0017755514563807253
OphioH327chr_1	2325000	2325000	0.0017215591672107354
OphioH327chr_1	2375000	2375000	0.0012477045775284485
OphioH327chr_1	2425000	2425000	0.0013048733534838889
OphioH327chr_1	2475000	2475000	0.0021991908924918866
OphioH327chr_1	2525000	2525000	0.0008420028085048584
OphioH327chr_1	2575000	2575000	0.0007415322668316387
OphioH327chr_1	2625000	2625000	0.0006375154003444933
OphioH327chr_1	2675000	2675000	0.002114149519853441
OphioH327chr_1	2725000	2725000	0.002695246211349987
OphioH327chr_1	2775000	2775000	0.001457634888687723
OphioH327chr_1	2825000	2825000	0.0014071692670926872
OphioH327chr_1	2875000	2875000	0.0013663107285694105
OphioH327chr_1	2925000	2925000	0.002506801955876469
OphioH327chr_1	2975000	2975000	0.0008730019207883871
OphioH327chr_1	3025000	3025000	0.0017045404437714493
OphioH327chr_1	3075000	3075000	0.00115669374411978
OphioH327chr_1	3125000	3125000	0.0008915664901074324
OphioH327chr_1	3175000	3175000	0.00041687639313463574
OphioH327chr_1	3225000	3225000	0.0008170591678789643
OphioH327chr_1	3275000	3275000	0.0005889130718253095
OphioH327chr_1	3325000	3325000	0.000792098416360272
OphioH327chr_1	3375000	3375000	0.0006864936745445182
OphioH327chr_1	3425000	3425000	0.0005466231397459803
OphioH327chr_1	3475000	3475000	0.0008726255451627081
OphioH327chr_1	3525000	3525000	0.0007708793584069207
OphioH327chr_1	3575000	3575000	0.0014979872725184083
OphioH327chr_1	3625000	3625000	0.0009420104144531422
OphioH327chr_1	3675000	3675000	0.0005243565996361247
OphioH327chr_1	3725000	3725000	0.000699001861975191
OphioH327chr_1	3775000	3775000	0.001445300828914726
OphioH327chr_1	3825000	3825000	0.000706779795522458
OphioH327chr_1	3875000	3875000	0.0008983357926562976
OphioH327chr_1	3925000	3925000	0.0005480075272409869
OphioH327chr_1	3975000	3975000	0.0041951099334432895
OphioH327chr_1	4025000	4025000	0.0005771865032421444
OphioH327chr_1	4075000	4075000	0.0010927443692408077
OphioH327chr_1	4125000	4125000	0.0006337390426920819
OphioH327chr_1	4175000	4175000	0.0007358451446193074
OphioH327chr_1	4225000	4225000	0.0006501325091725865
OphioH327chr_1	4275000	4275000	0.0019029235754335146
OphioH327chr_1	4325000	4325000	0.0017868169500003285
OphioH327chr_1	4375000	4375000	0.0008570455736386231
OphioH327chr_1	4425000	4425000	0.003646552577946367
OphioH327chr_1	4475000	4475000	0.0025128805011792334
OphioH327chr_1	4525000	4525000	0.0019286064847416644
OphioH327chr_1	4575000	4575000	0.001235224843265813
OphioH327chr_1	4625000	4625000	0.0011178770426133302
OphioH327chr_1	4675000	4675000	0.0008934496711775308
OphioH327chr_1	4725000	4725000	0.0006661307375788098
OphioH327chr_1	4775000	4775000	0.0007416066263692472
OphioH327chr_1	4825000	4825000	0.00078590171036978
OphioH327chr_1	4875000	4875000	0.0006933256871702371
OphioH327chr_1	4925000	4925000	0.0006503307927258584
OphioH327chr_1	4975000	4975000	0.0008427193261756592
OphioH327chr_1	5025000	5025000	0.0007411353276093904
OphioH327chr_1	5075000	5075000	0.002390640572907662
OphioH327chr_1	5125000	5125000	0.017490420400331188
OphioH327chr_1	5175000	5175000	0.004477096611641593
OphioH327chr_1	5225000	5225000	0.0009381996412123798
OphioH327chr_1	5275000	5275000	0.0010662617713477198
OphioH327chr_1	5325000	5325000	0.0010775031075458286
OphioH327chr_1	5375000	5375000	0.0007641581533123158
OphioH327chr_1	5425000	5425000	0.0008096457476588103
OphioH327chr_1	5475000	5475000	0.0004764442975244445
OphioH327chr_1	5525000	5525000	0.0010701835358470485
OphioH327chr_1	5575000	5575000	0.0008304163814614729
OphioH327chr_1	5625000	5625000	0.0019225587308436922
OphioH327chr_1	5675000	5675000	0.0013954677426226605
OphioH327chr_1	5725000	5725000	0.0018241276426016438
OphioH327chr_1	5775000	5775000	0.0034828906287506637
OphioH327chr_1	5825000	5825000	0.004749824359902478
OphioH327chr_1	5875000	5875000	0.0028609963503365365
OphioH327chr_1	5925000	5925000	0.009519138828108417
OphioH327chr_1	5975000	5975000	0.009417604072106841
OphioH327chr_1	6025000	6025000	0.0074736392673932
OphioH327chr_1	6075000	6075000	0.002229888437020357
OphioH327chr_1	6125000	6125000	0.003598188004121461
OphioH327chr_1	6175000	6175000	0.0008309207143707322
OphioH327chr_1	6225000	6225000	0.0008502538243393904
OphioH327chr_1	6275000	6275000	0.0010717809147806536
OphioH327chr_1	6325000	6325000	0.005523051529505798
OphioH327chr_1	6375000	6375000	0.0050824103161361675
OphioH327chr_1	6425000	6425000	0.004007773640637009
OphioH327chr_1	6475000	6475000	0.012723932783520821
OphioH327chr_1	6525000	6525000	0.011279343985677242
OphioH327chr_1	6575000	6575000	0.009888755064820908
OphioH327chr_1	6625000	6625000	0.008052689612038172
OphioH327chr_1	6675000	6675000	0.014236466158158094
OphioH327chr_1	6725000	6725000	0.019245228493614604
OphioH327chr_1	6775000	6775000	0.009128516363207242
OphioH327chr_1	6825000	6825000	0.004422186854140673
OphioH327chr_1	6875000	6875000	0.009210859904024607
OphioH327chr_2	25000	25000	0.0008575568983294434
OphioH327chr_2	75000	75000	0.0006621327980164807
OphioH327chr_2	125000	125000	0.00679483445485492
OphioH327chr_2	175000	175000	0.002524539666486167
OphioH327chr_2	225000	225000	0.0034602238148189013
OphioH327chr_2	275000	275000	0.004644683090261511
OphioH327chr_2	325000	325000	0.005807530354595185
OphioH327chr_2	375000	375000	0.009579891095883294
OphioH327chr_2	425000	425000	0.004887190258460947
OphioH327chr_2	475000	475000	0.007312056560968276
OphioH327chr_2	525000	525000	0.008007486627785183
OphioH327chr_2	575000	575000	0.005490318902595691
OphioH327chr_2	625000	625000	0.008945619350460919
OphioH327chr_2	675000	675000	0.0029041750496793953
OphioH327chr_2	725000	725000	0.0035623663462745836
OphioH327chr_2	775000	775000	0.008454001328842232
OphioH327chr_2	825000	825000	0.0046122114165534685
OphioH327chr_2	875000	875000	0.00501778367059948
OphioH327chr_2	925000	925000	0.008955138524546423
OphioH327chr_2	975000	975000	0.005449351537747444
OphioH327chr_2	1025000	1025000	0.007061637809366911
OphioH327chr_2	1125000	1125000	0.005783889940821971
OphioH327chr_2	1175000	1175000	0.004388101972672288
OphioH327chr_2	1225000	1225000	0.0061950228955666205
OphioH327chr_2	1275000	1275000	0.0035815696021087623
OphioH327chr_2	1325000	1325000	0.0026842955205423694
OphioH327chr_2	1375000	1375000	0.0017403853178516687
OphioH327chr_2	1425000	1425000	0.00287626254403115
OphioH327chr_2	1475000	1475000	0.002211573231104969
OphioH327chr_2	1525000	1525000	0.0010920030417558633
OphioH327chr_2	1575000	1575000	0.001804813947471272
OphioH327chr_2	1625000	1625000	0.0017976237344053479
OphioH327chr_2	1675000	1675000	0.0010472850313486418
OphioH327chr_2	1725000	1725000	0.0013066443065302385
OphioH327chr_2	1775000	1775000	0.0011339376611981663
OphioH327chr_2	1825000	1825000	0.004889046260252906
OphioH327chr_2	1875000	1875000	0.0010254008263835418
OphioH327chr_2	1925000	1925000	0.0021918045863639464
OphioH327chr_2	1975000	1975000	0.001648328176604648
OphioH327chr_2	2025000	2025000	0.0008554195269087739
OphioH327chr_2	2075000	2075000	0.0009887646056301472
OphioH327chr_2	2125000	2125000	0.0013922236945883603
OphioH327chr_2	2175000	2175000	0.0008644567843522032
OphioH327chr_2	2225000	2225000	0.002763800743642657
OphioH327chr_2	2275000	2275000	0.0006635764879465702
OphioH327chr_2	2325000	2325000	0.002773070918486838
OphioH327chr_2	2375000	2375000	0.0015576562394991143
OphioH327chr_2	2425000	2425000	0.0025051019592026466
OphioH327chr_2	2475000	2475000	0.001460828596285661
OphioH327chr_2	2525000	2525000	0.0010991229194764658
OphioH327chr_2	2575000	2575000	0.0004886990434343679
OphioH327chr_2	2625000	2625000	0.0006775539235813634
OphioH327chr_2	2675000	2675000	0.0009161739725357078
OphioH327chr_2	2725000	2725000	0.0005343881546024241
OphioH327chr_2	2775000	2775000	0.0026956363478230438
OphioH327chr_2	2825000	2825000	0.0007575767684443903
OphioH327chr_2	2875000	2875000	0.0015511331750231714
OphioH327chr_2	2925000	2925000	0.00162269140251932
OphioH327chr_2	2975000	2975000	0.0013587985165755309
OphioH327chr_2	3025000	3025000	0.0008993632483329638
OphioH327chr_2	3075000	3075000	0.0009943529859580131
OphioH327chr_2	3125000	3125000	0.003156328843861941
OphioH327chr_2	3175000	3175000	0.0021875088161240836
OphioH327chr_2	3225000	3225000	0.0012014133733880307
OphioH327chr_2	3275000	3275000	0.003363592897033689
OphioH327chr_2	3325000	3325000	0.001276379607291168
OphioH327chr_2	3375000	3375000	0.0028216330157718105
OphioH327chr_2	3425000	3425000	0.0021736006429367346
OphioH327chr_2	3475000	3475000	0.001724624595156487
OphioH327chr_2	3525000	3525000	0.0011742155954682016
OphioH327chr_2	3575000	3575000	0.00875616077061403
OphioH327chr_2	3625000	3625000	0.0004403257091041401
OphioH327chr_2	3675000	3675000	0.0007589043883595185
OphioH327chr_2	3725000	3725000	0.0006110047161556453
OphioH327chr_2	3825000	3825000	0.0006974591853851034
OphioH327chr_2	3875000	3875000	0.0008393656379458442
OphioH327chr_2	3925000	3925000	0.00301689160298062
OphioH327chr_2	3975000	3975000	0.006820721456094391
OphioH327chr_2	4025000	4025000	0.006195655961858806
OphioH327chr_2	4075000	4075000	0.0025653968368535935
OphioH327chr_2	4125000	4125000	0.0019101023079863015
OphioH327chr_2	4175000	4175000	0.00555535689500142
OphioH327chr_2	4225000	4225000	0.0040822022533846935
OphioH327chr_2	4275000	4275000	0.004366800644742441
OphioH327chr_2	4325000	4325000	0.0054659739075725204
OphioH327chr_2	4375000	4375000	0.0015952079301448522
OphioH327chr_2	4425000	4425000	0.0024852044136863508
OphioH327chr_2	4475000	4475000	0.002672225010144993
OphioH327chr_2	4525000	4525000	0.0037730344045703683
OphioH327chr_2	4575000	4575000	0.004981012964879184
OphioH327chr_2	4625000	4625000	0.004582608662761742
OphioH327chr_2	4675000	4675000	0.008046386840282976
OphioH327chr_2	4725000	4725000	0.003228868318496845
OphioH327chr_2	4775000	4775000	0.005080069472898592
OphioH327chr_2	4825000	4825000	0.005105108567794235
OphioH327chr_2	4875000	4875000	0.004294394621550404
OphioH327chr_2	4925000	4925000	0.004995449061065656
OphioH327chr_2	4975000	4975000	0.00427578869107622
OphioH327chr_2	5025000	5025000	0.003854746061788718
OphioH327chr_2	5075000	5075000	0.008112101333330802
OphioH327chr_2	5125000	5125000	0.0039758748536104045
OphioH327chr_2	5175000	5175000	0.0037044723344046744
OphioH327chr_2	5225000	5225000	0.004452350483464832
OphioH327chr_2	5275000	5275000	0.005109600918173026
OphioH327chr_2	5325000	5325000	0.008108595877213
OphioH327chr_2	5375000	5375000	0.012237781611526265
OphioH327chr_2	5425000	5425000	0.011361640818697465
OphioH327chr_2	5475000	5475000	0.008012972845015892
OphioH327chr_2	5525000	5525000	0.010572432100569474
OphioH327chr_2	5575000	5575000	0.009809369553664713
OphioH327chr_2	5625000	5625000	0.01172276448881898
OphioH327chr_2	5675000	5675000	0.009628675952098554
OphioH327chr_2	5725000	5725000	0.006890756742088118
OphioH327chr_2	5775000	5775000	0.006561732229058569
OphioH327chr_2	5825000	5825000	0.014542148656787069
OphioH327chr_2	5875000	5875000	0.021326641827210006
OphioH327chr_2	5925000	5925000	0.009756455676758414
OphioH327chr_2	6025000	6025000	0.015610139065521795
OphioH327chr_2	6075000	6075000	0.019729816991030987
OphioH327chr_2	6125000	6125000	0.008593187786370233
OphioH327chr_2	6175000	6175000	0.004249928405294936
OphioH327chr_2	6225000	6225000	0.008757024667163249
OphioH327chr_2	6275000	6275000	0.006028047694382067
OphioH327chr_2	6325000	6325000	0.005056219720104143
OphioH327chr_2	6375000	6375000	0.009928660038961843
OphioH327chr_2	6425000	6425000	0.014128072837118161
OphioH327chr_2	6475000	6475000	0.006462311213240693
OphioH327chr_2	6525000	6525000	0.005166742047892423
OphioH327chr_2	6575000	6575000	0.004728807372718271
OphioH327chr_2	6625000	6625000	0.006018414978376969
OphioH327chr_2	6675000	6675000	0.010689614402684143
OphioH327chr_2	6725000	6725000	0.008252095970400532
OphioH327chr_3	75000	75000	0.0035440529174696448
OphioH327chr_3	125000	125000	0.0028154717104043555
OphioH327chr_3	175000	175000	0.001520258343878481
OphioH327chr_3	225000	225000	0.0023663237557708956
OphioH327chr_3	275000	275000	0.003380997180157615
OphioH327chr_3	325000	325000	0.008485339087122927
OphioH327chr_3	375000	375000	0.00536506025123278
OphioH327chr_3	425000	425000	0.005207768186187546
OphioH327chr_3	475000	475000	0.013352320609563723
OphioH327chr_3	525000	525000	0.01259748295577444
OphioH327chr_3	575000	575000	0.006233931964196444
OphioH327chr_3	625000	625000	0.01135699501264294
OphioH327chr_3	675000	675000	0.016180244456095956
OphioH327chr_3	725000	725000	0.00899628641575471
OphioH327chr_3	775000	775000	0.009383618529307823
OphioH327chr_3	825000	825000	0.004697551680869223
OphioH327chr_3	875000	875000	0.007650444472579244
OphioH327chr_3	925000	925000	0.015371088883397162
OphioH327chr_3	975000	975000	0.007546259889388041
OphioH327chr_3	1025000	1025000	0.004809080213174446
OphioH327chr_3	1075000	1075000	0.006228566618796503
OphioH327chr_3	1125000	1125000	0.0034482808256416195
OphioH327chr_3	1175000	1175000	0.012933478469815593
OphioH327chr_3	1275000	1275000	0.010355980840168876
OphioH327chr_3	1325000	1325000	0.0046988663634794006
OphioH327chr_3	1375000	1375000	0.01685056599023786
OphioH327chr_3	1425000	1425000	0.00585622165620277
OphioH327chr_3	1475000	1475000	0.0031812137795513306
OphioH327chr_3	1525000	1525000	0.0019824746908156756
OphioH327chr_3	1575000	1575000	0.007361483940867199
OphioH327chr_3	1625000	1625000	0.004823688227586315
OphioH327chr_3	1675000	1675000	0.0033510597889620927
OphioH327chr_3	1725000	1725000	0.0015407518613513216
OphioH327chr_3	1775000	1775000	0.003714154044439645
OphioH327chr_3	1825000	1825000	0.0045049317162645435
OphioH327chr_3	1875000	1875000	0.004029156000917157
OphioH327chr_3	1925000	1925000	0.0009776829319733623
OphioH327chr_3	1975000	1975000	0.0021637591015975987
OphioH327chr_3	2025000	2025000	0.0014201428951966324
OphioH327chr_3	2075000	2075000	0.004763971656997752
OphioH327chr_3	2125000	2125000	0.004293644548342641
OphioH327chr_3	2175000	2175000	0.004842143462968348
OphioH327chr_3	2225000	2225000	0.002391166630828924
OphioH327chr_3	2275000	2275000	0.0036377493488023286
OphioH327chr_3	2325000	2325000	0.003468739607228563
OphioH327chr_3	2375000	2375000	0.0013343076463095446
OphioH327chr_3	2425000	2425000	0.0025427102479355806
OphioH327chr_3	2475000	2475000	0.003180115290950066
OphioH327chr_3	2525000	2525000	0.0028590301787921623
OphioH327chr_3	2575000	2575000	0.0012201083908495774
OphioH327chr_3	2625000	2625000	0.007932013759055551
OphioH327chr_3	2675000	2675000	0.01062609310707396
OphioH327chr_3	2725000	2725000	0.0015664650231884344
OphioH327chr_3	2775000	2775000	0.0007493602244127025
OphioH327chr_3	2825000	2825000	0.0022444544311879255
OphioH327chr_3	2875000	2875000	0.002553834878817455
OphioH327chr_3	2925000	2925000	0.0016348802204561017
OphioH327chr_3	2975000	2975000	0.0006831311970326757
OphioH327chr_3	3025000	3025000	0.008475355866918938
OphioH327chr_3	3075000	3075000	0.008438904768338546
OphioH327chr_3	3125000	3125000	0.008612325314061541
OphioH327chr_3	3175000	3175000	0.00843863773870657
OphioH327chr_3	3225000	3225000	0.009343877372870865
OphioH327chr_3	3275000	3275000	0.005113455072239585
OphioH327chr_3	3325000	3325000	0.0044101178079004565
OphioH327chr_3	3375000	3375000	0.009914372709863376
OphioH327chr_3	3425000	3425000	0.006543690660751997
OphioH327chr_3	3475000	3475000	0.007186959637096807
OphioH327chr_3	3525000	3525000	0.006369328824813204
OphioH327chr_3	3575000	3575000	0.008709398350612357
OphioH327chr_4	75000	75000	0.008559427645211953
OphioH327chr_4	125000	125000	0.005324410418873474
OphioH327chr_4	175000	175000	0.012492855237991856
OphioH327chr_4	225000	225000	0.017136520502657154
OphioH327chr_4	275000	275000	0.023829173585987438
OphioH327chr_4	325000	325000	0.010317137094335642
OphioH327chr_4	375000	375000	0.008464771438627052
OphioH327chr_4	425000	425000	0.013507835868244356
OphioH327chr_4	475000	475000	0.008419212447285551
OphioH327chr_4	525000	525000	0.00720413900771872
OphioH327chr_4	575000	575000	0.00527393452190369
OphioH327chr_4	625000	625000	0.006045313889660931
OphioH327chr_4	675000	675000	0.008764825915385858
OphioH327chr_4	725000	725000	0.005201427986686165
OphioH327chr_4	775000	775000	0.01082541314612303
OphioH327chr_4	825000	825000	0.000752578110054472
OphioH327chr_4	875000	875000	0.001339147321869486
OphioH327chr_4	925000	925000	0.0004638070743546514
OphioH327chr_4	975000	975000	0.0019628141589031083
OphioH327chr_4	1025000	1025000	0.0008413165011813
OphioH327chr_4	1075000	1075000	0.003196390725300266
OphioH327chr_4	1125000	1125000	0.0019021225208922677
OphioH327chr_4	1175000	1175000	0.002711193401778252
OphioH327chr_4	1225000	1225000	0.002996188386891493
OphioH327chr_4	1275000	1275000	0.0034591454095645245
OphioH327chr_4	1325000	1325000	0.0011784911774458844
OphioH327chr_4	1375000	1375000	0.004314286244130969
OphioH327chr_4	1425000	1425000	0.0023491002743654867
OphioH327chr_4	1475000	1475000	0.003157063978235484
OphioH327chr_4	1525000	1525000	0.0030014896951397483
OphioH327chr_4	1575000	1575000	0.0007431000596164028
OphioH327chr_4	1625000	1625000	0.0013745791219203322
OphioH327chr_4	1675000	1675000	0.0021016271968114803
OphioH327chr_4	1725000	1725000	0.0084251479010846
OphioH327chr_4	1775000	1775000	0.00440085822996423
OphioH327chr_4	1825000	1825000	0.004010535003965384
OphioH327chr_4	1875000	1875000	0.001803030874277843
OphioH327chr_4	1925000	1925000	0.0012258787546729267
OphioH327chr_4	1975000	1975000	0.0022669055983256256
OphioH327chr_4	2025000	2025000	0.00255980582770629
OphioH327chr_4	2075000	2075000	0.0015375899136920194
OphioH327chr_4	2125000	2125000	0.004809479064990385
OphioH327chr_4	2175000	2175000	0.0070985329360289265
OphioH327chr_4	2225000	2225000	0.011638525330621196
OphioH327chr_4	2275000	2275000	0.008465425220243641
OphioH327chr_4	2325000	2325000	0.007170674881202993
OphioH327chr_4	2375000	2375000	0.007519132920435106
OphioH327chr_4	2425000	2425000	0.00651125319682595
OphioH327chr_4	2475000	2475000	0.008785671587598104
OphioH327chr_4	2525000	2525000	0.01636535234842184
OphioH327chr_4	2575000	2575000	0.006075803839924353
OphioH327chr_4	2625000	2625000	0.00596035617163772
OphioH327chr_4	2675000	2675000	0.005047700339891271
OphioH327chr_4	2725000	2725000	0.009080169195808925
OphioH327chr_4	2775000	2775000	0.010517637041861583
OphioH327chr_4	2825000	2825000	0.00801416928676368
OphioH327chr_4	2875000	2875000	0.00918753851707659
OphioH327chr_4	2925000	2925000	0.014918925870089871
OphioH327chr_4	2975000	2975000	0.011867968863047784
OphioH327chr_4	3025000	3025000	0.008555598354813735
OphioH327chr_4	3075000	3075000	0.01115854633126701
OphioH327chr_4	3125000	3125000	0.008798772253602856
OphioH327chr_4	3175000	3175000	0.0022434388448189435
OphioH327chr_4	3225000	3225000	0.004116152178851896
OphioH327chr_4	3275000	3275000	0.006271480849406115
OphioH327chr_4	3325000	3325000	0.016788490428366748
OphioH327chr_5	25000	25000	0.006524555937718329
OphioH327chr_5	75000	75000	0.026499759483174443
OphioH327chr_5	125000	125000	0.00438796358806425
OphioH327chr_5	175000	175000	0.0017939547671274837
OphioH327chr_5	225000	225000	0.002761270610427601
OphioH327chr_5	275000	275000	0.003006654784461414
OphioH327chr_5	325000	325000	0.003274460541214912
OphioH327chr_5	375000	375000	0.00422388364607958
OphioH327chr_5	425000	425000	0.005415828577784823
OphioH327chr_5	475000	475000	0.004179850578937381
OphioH327chr_5	525000	525000	0.003721147657939857
OphioH327chr_5	575000	575000	0.0041187425158327904
OphioH327chr_5	625000	625000	0.006382414610950123
OphioH327chr_5	675000	675000	0.00647695216327566
OphioH327chr_5	725000	725000	0.010495690432670905
OphioH327chr_5	775000	775000	0.012737329155680186
OphioH327chr_5	825000	825000	0.011812521884588008
OphioH327chr_5	875000	875000	0.010832200831233301
OphioH327chr_5	925000	925000	0.0058119362890273986
OphioH327chr_5	975000	975000	0.003585453087931059
OphioH327chr_5	1025000	1025000	0.00786150523821847
OphioH327chr_5	1075000	1075000	0.00862495964653601
OphioH327chr_5	1125000	1125000	0.0037897849425188603
OphioH327chr_5	1175000	1175000	0.009462276046773301
OphioH327chr_5	1225000	1225000	0.005237763407430194
OphioH327chr_5	1275000	1275000	0.0031675004351934704
OphioH327chr_5	1325000	1325000	0.0035966590882063085
OphioH327chr_5	1375000	1375000	0.00462127520406835
OphioH327chr_5	1425000	1425000	0.005827157989807475
OphioH327chr_5	1475000	1475000	0.006642989097319979
OphioH327chr_5	1525000	1525000	0.0026633270210334363
OphioH327chr_5	1575000	1575000	0.0025064266847888827
OphioH327chr_5	1625000	1625000	0.00689814400644069
OphioH327chr_5	1675000	1675000	0.010556564245674723
OphioH327chr_5	1775000	1775000	0.021398857657836983
OphioH327chr_5	1825000	1825000	0.008720690086430798
OphioH327chr_5	1875000	1875000	0.009406123786645904
OphioH327chr_5	1925000	1925000	0.012549548561562486
OphioH327chr_5	1975000	1975000	0.004634955918703301
OphioH327chr_5	2025000	2025000	0.008519908486630192
OphioH327chr_5	2075000	2075000	0.007740708759772737
OphioH327chr_5	2125000	2125000	0.007824232278816508
OphioH327chr_5	2175000	2175000	0.009165696364088847
OphioH327chr_5	2225000	2225000	0.014690860438207016
OphioH327chr_5	2275000	2275000	0.002583486176073964
OphioH327chr_5	2325000	2325000	0.0012011141571557243
OphioH327chr_5	2375000	2375000	0.005861752899771174
OphioH327chr_5	2425000	2425000	0.0051715860942370285
OphioH327chr_5	2475000	2475000	0.010504049340597425
OphioH327chr_5	2525000	2525000	0.015033237705093195
OphioH327chr_5	2575000	2575000	0.022629922607681926
OphioH327chr_5	2625000	2625000	0.00325105073463785
OphioH327chr_5	2675000	2675000	0.003999863358992782
OphioH327chr_5	2725000	2725000	0.004125819026355037
OphioH327chr_5	2775000	2775000	0.0012108040380723536
OphioH327chr_6	75000	75000	0.0006786165279924609
OphioH327chr_6	125000	125000	0.003139544072874946
OphioH327chr_6	175000	175000	0.002010474376700456
OphioH327chr_6	225000	225000	0.0007786544463106155
OphioH327chr_6	275000	275000	0.000638460035137454
OphioH327chr_6	325000	325000	0.0008115504506560207
OphioH327chr_6	375000	375000	0.008491124985207443
OphioH327chr_6	425000	425000	0.009557414757487606
OphioH327chr_6	475000	475000	0.010413965376352106
OphioH327chr_6	525000	525000	0.016140033427877058
OphioH327chr_6	575000	575000	0.013593707264808234
OphioH327chr_6	625000	625000	0.006841073966317231
OphioH327chr_6	675000	675000	0.00850536387808275
OphioH327chr_6	725000	725000	0.011663384952481877
OphioH327chr_6	775000	775000	0.008925181454468066
OphioH327chr_6	825000	825000	0.005429879298216269
OphioH327chr_6	875000	875000	0.0036607129619373392
OphioH327chr_6	925000	925000	0.00610588067742331
OphioH327chr_6	975000	975000	0.0027240867230368614
OphioH327chr_6	1025000	1025000	0.0005870236338319528
OphioH327chr_6	1075000	1075000	0.0007415551225146558
OphioH327chr_6	1125000	1125000	0.0004605785734506299
OphioH327chr_6	1175000	1175000	0.0008968323307956474
OphioH327chr_6	1225000	1225000	0.0008992157068299315
OphioH327chr_6	1275000	1275000	0.0018339044991628934
OphioH327chr_6	1325000	1325000	0.00632007570059223
OphioH327chr_6	1375000	1375000	0.0024411888222224645
OphioH327chr_6	1425000	1425000	0.0049007100453589275
OphioH327chr_6	1475000	1475000	0.003863133743608211
OphioH327chr_6	1525000	1525000	0.006322707497038302
OphioH327chr_6	1575000	1575000	0.006152084934486838
OphioH327chr_6	1625000	1625000	0.008024681852198526
OphioH327chr_6	1675000	1675000	0.004120429217584727
OphioH327chr_6	1725000	1725000	0.00385861824937791
OphioH327chr_6	1775000	1775000	0.004505988249704857
OphioH327chr_6	1825000	1825000	0.004538276170775428
OphioH327chr_6	1875000	1875000	0.0020432826055395282
OphioH327chr_6	1925000	1925000	0.0023781584519858468
OphioH327chr_6	1975000	1975000	0.00173097057879037
OphioH327chr_6	2025000	2025000	0.0015278259169679387
OphioH327chr_6	2075000	2075000	0.001659133009722475
OphioH327chr_6	2125000	2125000	0.0028860852501564173
OphioH327chr_6	2175000	2175000	0.0042149765050496415
OphioH327chr_6	2225000	2225000	0.007142823048077555
OphioH327chr_6	2275000	2275000	0.004493549081373163
OphioH327chr_6	2325000	2325000	0.003630690811347867
OphioH327chr_6	2375000	2375000	0.0033832358635485053
OphioH327chr_6	2425000	2425000	0.0039025510887650268
OphioH327chr_6	2475000	2475000	0.0031422112700567376
OphioH327chr_6	2525000	2525000	0.004790504541821909
OphioH327chr_6	2575000	2575000	0.0029260461631688173
OphioH327chr_6	2625000	2625000	0.0026574255901382813
OphioH327chr_6	2675000	2675000	0.0016560256646717762
OphioH327chr_6	2725000	2725000	0.0031658210765578196
OphioH327chr_7	75000	75000	0.0027220819200131003
OphioH327chr_7	125000	125000	0.00927598512898664
OphioH327chr_7	175000	175000	0.014671407665768769
OphioH327chr_7	225000	225000	0.010938365946735053
OphioH327chr_7	275000	275000	0.007935852127204913
OphioH327chr_7	325000	325000	0.02236574420200047
OphioH327chr_7	375000	375000	0.008805882318919088
OphioH327chr_7	425000	425000	0.007193367680555341
OphioH327chr_7	475000	475000	0.005035415978238965
OphioH327chr_7	525000	525000	0.005720663829569003
OphioH327chr_7	575000	575000	0.006467338572024071
OphioH327chr_7	625000	625000	0.0021959453420861293
OphioH327chr_7	675000	675000	0.0013241997994309141
OphioH327chr_7	725000	725000	0.0019146920732903707
OphioH327chr_7	775000	775000	0.006004453773216085
OphioH327chr_7	825000	825000	0.001792686968807193
OphioH327chr_7	875000	875000	0.0031856725686928893
OphioH327chr_7	925000	925000	0.002486086616543559
OphioH327chr_7	975000	975000	0.0025942240736445683
OphioH327chr_7	1025000	1025000	0.0026024722433877147
OphioH327chr_7	1075000	1075000	0.0037630448623979036
OphioH327chr_7	1125000	1125000	0.0022737259509626228
OphioH327chr_7	1175000	1175000	0.0014599035710953924
OphioH327chr_7	1225000	1225000	0.0032512935497383383
OphioH327chr_7	1275000	1275000	0.0023565843640986966
OphioH327chr_7	1325000	1325000	0.005185512191534405
OphioH327chr_7	1375000	1375000	0.01001152778436461
OphioH327chr_7	1425000	1425000	0.003473284818578853
OphioH327chr_7	1475000	1475000	0.003598607390431653
OphioH327chr_7	1525000	1525000	0.0012827907968209033
OphioH327chr_7	1575000	1575000	0.0009935500139242547
OphioH327chr_7	1625000	1625000	0.002162018048218778
OphioH327chr_7	1675000	1675000	0.0015913857090361805
OphioH327chr_7	1725000	1725000	0.0013390764417299892
OphioH327chr_7	1775000	1775000	0.00468382061813531
OphioH327chr_7	1825000	1825000	0.003452158665701074
OphioH327chr_7	1875000	1875000	0.006561994495852492
OphioH327chr_7	1925000	1925000	0.007438572947706702
OphioH327chr_7	1975000	1975000	0.01007497064149944
OphioH327chr_7	2025000	2025000	0.005369051295836493
OphioH327chr_7	2075000	2075000	0.007444804980665914
OphioH327chr_7	2125000	2125000	0.006817997885271569
OphioH327chr_7	2175000	2175000	0.006597365054247075
OphioH327chr_7	2275000	2275000	0.003865001412906788
OphioH327chr_7	2325000	2325000	0.008252654264000863
OphioH327chr_7	2375000	2375000	0.015453012526615661
OphioH327chr_7	2425000	2425000	0.007072480985756852
OphioH327chr_7	2475000	2475000	0.015525743500029984
OphioH327chr_7	2525000	2525000	0.005230515582946362
OphioH327chr_7	2575000	2575000	0.007344530665295006
OphioH327chr_7	2625000	2625000	0.005426308221269432
OphioH327chr_7	2675000	2675000	0.009117339149039193
OphioH327chr_7	2725000	2725000	0.0007149297777037623
OphioH327chr_8	75000	75000	0.0006423272308661605
OphioH327chr_8	125000	125000	0.0005061158739249109
OphioH327chr_8	175000	175000	0.0010657724889836808
OphioH327chr_8	225000	225000	0.0036674656357405066
OphioH327chr_8	275000	275000	0.01446785786734239
OphioH327chr_8	325000	325000	0.008622012149828585
OphioH327chr_8	375000	375000	0.006657025485053821
OphioH327chr_8	425000	425000	0.008198965892828433
OphioH327chr_8	575000	575000	0.011763580561467169
OphioH327chr_8	625000	625000	0.01609808554764506
OphioH327chr_8	675000	675000	0.01386764330555618
OphioH327chr_8	725000	725000	0.016046521681354422
OphioH327chr_8	775000	775000	0.007390501635937854
OphioH327chr_8	825000	825000	0.010879328194651419
OphioH327chr_8	875000	875000	0.00951496072523951
OphioH327chr_8	925000	925000	0.006896443897338336
OphioH327chr_8	975000	975000	0.00554029718703275
OphioH327chr_8	1025000	1025000	0.002590863510606817
OphioH327chr_8	1075000	1075000	0.0022920868113601067
OphioH327chr_8	1125000	1125000	0.005780509434919867
OphioH327chr_8	1175000	1175000	0.004029379671239846
OphioH327chr_8	1225000	1225000	0.00872029255564758
OphioH327chr_8	1275000	1275000	0.009512265096832274
OphioH327chr_8	1325000	1325000	0.006188856238566945
OphioH327chr_8	1375000	1375000	0.006088888730930134
OphioH327chr_8	1425000	1425000	0.005544735945493897
OphioH327chr_8	1475000	1475000	0.007182210842148019
OphioH327chr_8	1575000	1575000	0.01397634334402323
OphioH327chr_8	1625000	1625000	0.011921691239274036
OphioH327chr_8	1675000	1675000	0.007169687536278705
OphioH327chr_8	1725000	1725000	0.005173033191611618
OphioH327chr_8	1775000	1775000	0.007229259455960301
OphioH327chr_8	1825000	1825000	0.00337481350180361
OphioH327chr_8	1875000	1875000	0.0006312945054935668
OphioH327chr_8	1925000	1925000	0.0056238965074565635
OphioH327chr_8	1975000	1975000	0.011712097554527224
OphioH327chr_8	2025000	2025000	0.01664267441853562
OphioH327chr_8	2075000	2075000	0.02344151385300289
OphioH327chr_8	2125000	2125000	0.015967823401209436
OphioH327chr_8	2175000	2175000	0.013318862607936984
OphioH327chr_8	2225000	2225000	0.019514664156930796
OphioH327chr_8	2275000	2275000	0.005952201623615578
OphioH327chr_8	2325000	2325000	0.002105795893757551
OphioH327chr_8	2375000	2375000	0.002654837356844825
OphioH327chr_8	2425000	2425000	0.004583340505871701
OphioH327chr_8	2475000	2475000	0.002091050740097894
