OphioH327chr_1	75001	75001	0.805987
OphioH327chr_1	125001	125001	0.7778470000000001
OphioH327chr_1	175001	175001	0.753467
OphioH327chr_1	225001	225001	0.663754
OphioH327chr_1	275001	275001	0.739853
OphioH327chr_1	325001	325001	0.8022100000000001
OphioH327chr_1	375001	375001	0.741464
OphioH327chr_1	425001	425001	0.71282
OphioH327chr_1	475001	475001	0.7177
OphioH327chr_1	525001	525001	0.929366
OphioH327chr_1	575001	575001	0.930549
OphioH327chr_1	625001	625001	0.945781
OphioH327chr_1	675001	675001	0.935204
OphioH327chr_1	725001	725001	0.9296549999999999
OphioH327chr_1	775001	775001	0.930586
OphioH327chr_1	825001	825001	0.9412299999999999
OphioH327chr_1	875001	875001	0.937167
OphioH327chr_1	925001	925001	0.932133
OphioH327chr_1	975001	975001	0.9364549999999999
OphioH327chr_1	1025001	1025001	0.900445
OphioH327chr_1	1075001	1075001	0.940348
OphioH327chr_1	1125001	1125001	0.929451
OphioH327chr_1	1175001	1175001	0.9299780000000001
OphioH327chr_1	1225001	1225001	0.936738
OphioH327chr_1	1275001	1275001	0.9590690000000001
OphioH327chr_1	1325001	1325001	0.9460719999999999
OphioH327chr_1	1375001	1375001	0.9505459999999999
OphioH327chr_1	1425001	1425001	0.9575370000000001
OphioH327chr_1	1475001	1475001	0.951275
OphioH327chr_1	1525001	1525001	0.96755
OphioH327chr_1	1575001	1575001	0.9559270000000001
OphioH327chr_1	1625001	1625001	0.9470700000000001
OphioH327chr_1	1675001	1675001	0.944473
OphioH327chr_1	1725001	1725001	0.933744
OphioH327chr_1	1775001	1775001	0.930881
OphioH327chr_1	1825001	1825001	0.925999
OphioH327chr_1	1875001	1875001	0.930493
OphioH327chr_1	1925001	1925001	0.933111
OphioH327chr_1	1975001	1975001	0.9334129999999999
OphioH327chr_1	2025001	2025001	0.931934
OphioH327chr_1	2075001	2075001	0.937838
OphioH327chr_1	2125001	2125001	0.928679
OphioH327chr_1	2175001	2175001	0.9401719999999999
OphioH327chr_1	2225001	2225001	0.9478120000000001
OphioH327chr_1	2275001	2275001	0.9463799999999999
OphioH327chr_1	2325001	2325001	0.9493450000000001
OphioH327chr_1	2375001	2375001	0.967633
OphioH327chr_1	2425001	2425001	0.9753569999999999
OphioH327chr_1	2475001	2475001	0.966198
OphioH327chr_1	2525001	2525001	0.973108
OphioH327chr_1	2575001	2575001	0.976038
OphioH327chr_1	2625001	2625001	0.9767819999999999
OphioH327chr_1	2675001	2675001	0.962633
OphioH327chr_1	2725001	2725001	0.9608899999999999
OphioH327chr_1	2775001	2775001	0.973392
OphioH327chr_1	2825001	2825001	0.972274
OphioH327chr_1	2875001	2875001	0.974931
OphioH327chr_1	2925001	2925001	0.9684530000000001
OphioH327chr_1	2975001	2975001	0.9773200000000001
OphioH327chr_1	3025001	3025001	0.967656
OphioH327chr_1	3075001	3075001	0.970734
OphioH327chr_1	3125001	3125001	0.973261
OphioH327chr_1	3175001	3175001	0.9771120000000001
OphioH327chr_1	3225001	3225001	0.975937
OphioH327chr_1	3275001	3275001	0.973973
OphioH327chr_1	3325001	3325001	0.975942
OphioH327chr_1	3375001	3375001	0.9667389999999999
OphioH327chr_1	3425001	3425001	0.9770620000000001
OphioH327chr_1	3475001	3475001	0.9705969999999999
OphioH327chr_1	3525001	3525001	0.974087
OphioH327chr_1	3575001	3575001	0.975668
OphioH327chr_1	3625001	3625001	0.97355
OphioH327chr_1	3675001	3675001	0.975664
OphioH327chr_1	3725001	3725001	0.97151
OphioH327chr_1	3775001	3775001	0.9715739999999999
OphioH327chr_1	3825001	3825001	0.97478
OphioH327chr_1	3875001	3875001	0.967802
OphioH327chr_1	3925001	3925001	0.9714510000000001
OphioH327chr_1	3975001	3975001	0.9642059999999999
OphioH327chr_1	4025001	4025001	0.977302
OphioH327chr_1	4075001	4075001	0.9718620000000001
OphioH327chr_1	4125001	4125001	0.97172
OphioH327chr_1	4175001	4175001	0.979591
OphioH327chr_1	4225001	4225001	0.9750540000000001
OphioH327chr_1	4275001	4275001	0.968585
OphioH327chr_1	4325001	4325001	0.9710559999999999
OphioH327chr_1	4375001	4375001	0.9722209999999999
OphioH327chr_1	4425001	4425001	0.953626
OphioH327chr_1	4475001	4475001	0.96891
OphioH327chr_1	4525001	4525001	0.9656170000000001
OphioH327chr_1	4575001	4575001	0.9661209999999999
OphioH327chr_1	4625001	4625001	0.968216
OphioH327chr_1	4675001	4675001	0.966053
OphioH327chr_1	4725001	4725001	0.975585
OphioH327chr_1	4775001	4775001	0.9692540000000001
OphioH327chr_1	4825001	4825001	0.9703
OphioH327chr_1	4875001	4875001	0.975067
OphioH327chr_1	4925001	4925001	0.9769049999999999
OphioH327chr_1	4975001	4975001	0.9774719999999999
OphioH327chr_1	5025001	5025001	0.973124
OphioH327chr_1	5075001	5075001	0.972251
OphioH327chr_1	5125001	5125001	0.954256
OphioH327chr_1	5175001	5175001	0.9644389999999999
OphioH327chr_1	5225001	5225001	0.966951
OphioH327chr_1	5275001	5275001	0.9645809999999999
OphioH327chr_1	5325001	5325001	0.967291
OphioH327chr_1	5375001	5375001	0.973037
OphioH327chr_1	5425001	5425001	0.972226
OphioH327chr_1	5475001	5475001	0.97235
OphioH327chr_1	5525001	5525001	0.9728530000000001
OphioH327chr_1	5575001	5575001	0.972261
OphioH327chr_1	5625001	5625001	0.975457
OphioH327chr_1	5675001	5675001	0.95668
OphioH327chr_1	5725001	5725001	0.9547770000000001
OphioH327chr_1	5775001	5775001	0.95654
OphioH327chr_1	5825001	5825001	0.951944
OphioH327chr_1	5875001	5875001	0.965291
OphioH327chr_1	5925001	5925001	0.9478110000000001
OphioH327chr_1	5975001	5975001	0.943701
OphioH327chr_1	6025001	6025001	0.937241
OphioH327chr_1	6075001	6075001	0.9655030000000001
OphioH327chr_1	6125001	6125001	0.959015
OphioH327chr_1	6175001	6175001	0.9768049999999999
OphioH327chr_1	6225001	6225001	0.9763790000000001
OphioH327chr_1	6275001	6275001	0.973459
OphioH327chr_1	6325001	6325001	0.9560799999999999
OphioH327chr_1	6375001	6375001	0.947876
OphioH327chr_1	6425001	6425001	0.952667
OphioH327chr_1	6475001	6475001	0.911691
OphioH327chr_1	6525001	6525001	0.9284180000000001
OphioH327chr_1	6575001	6575001	0.93125
OphioH327chr_1	6625001	6625001	0.932967
OphioH327chr_1	6675001	6675001	0.854457
OphioH327chr_1	6725001	6725001	0.818739
OphioH327chr_1	6775001	6775001	0.922225
OphioH327chr_1	6825001	6825001	0.9531280000000001
OphioH327chr_1	6875001	6875001	0.9235270000000001
OphioH327chr_2	25001	25001	0.9675229999999999
OphioH327chr_2	75001	75001	0.973339
OphioH327chr_2	125001	125001	0.9530209999999999
OphioH327chr_2	175001	175001	0.9645
OphioH327chr_2	225001	225001	0.95042
OphioH327chr_2	275001	275001	0.9514870000000001
OphioH327chr_2	325001	325001	0.951443
OphioH327chr_2	375001	375001	0.945261
OphioH327chr_2	425001	425001	0.953825
OphioH327chr_2	475001	475001	0.9380139999999999
OphioH327chr_2	525001	525001	0.936428
OphioH327chr_2	575001	575001	0.9402959999999999
OphioH327chr_2	625001	625001	0.93652
OphioH327chr_2	675001	675001	0.938638
OphioH327chr_2	725001	725001	0.935732
OphioH327chr_2	775001	775001	0.9166799999999999
OphioH327chr_2	825001	825001	0.9317200000000001
OphioH327chr_2	875001	875001	0.931486
OphioH327chr_2	925001	925001	0.9375819999999999
OphioH327chr_2	975001	975001	0.9421889999999999
OphioH327chr_2	1025001	1025001	0.944234
OphioH327chr_2	1125001	1125001	0.945909
OphioH327chr_2	1175001	1175001	0.9462659999999999
OphioH327chr_2	1225001	1225001	0.9351709999999999
OphioH327chr_2	1275001	1275001	0.953736
OphioH327chr_2	1325001	1325001	0.966778
OphioH327chr_2	1375001	1375001	0.9643219999999999
OphioH327chr_2	1425001	1425001	0.956284
OphioH327chr_2	1475001	1475001	0.9619030000000001
OphioH327chr_2	1525001	1525001	0.97426
OphioH327chr_2	1575001	1575001	0.9749700000000001
OphioH327chr_2	1625001	1625001	0.968987
OphioH327chr_2	1675001	1675001	0.976851
OphioH327chr_2	1725001	1725001	0.9746239999999999
OphioH327chr_2	1775001	1775001	0.977397
OphioH327chr_2	1825001	1825001	0.9709129999999999
OphioH327chr_2	1875001	1875001	0.964317
OphioH327chr_2	1925001	1925001	0.9713700000000001
OphioH327chr_2	1975001	1975001	0.970852
OphioH327chr_2	2025001	2025001	0.9789899999999999
OphioH327chr_2	2075001	2075001	0.970734
OphioH327chr_2	2125001	2125001	0.965985
OphioH327chr_2	2175001	2175001	0.9559350000000001
OphioH327chr_2	2225001	2225001	0.969572
OphioH327chr_2	2275001	2275001	0.969726
OphioH327chr_2	2325001	2325001	0.9671629999999999
OphioH327chr_2	2375001	2375001	0.9732190000000001
OphioH327chr_2	2425001	2425001	0.956413
OphioH327chr_2	2475001	2475001	0.971109
OphioH327chr_2	2525001	2525001	0.9704659999999999
OphioH327chr_2	2575001	2575001	0.9786090000000001
OphioH327chr_2	2625001	2625001	0.974972
OphioH327chr_2	2675001	2675001	0.975825
OphioH327chr_2	2725001	2725001	0.976276
OphioH327chr_2	2775001	2775001	0.9671489999999999
OphioH327chr_2	2825001	2825001	0.975535
OphioH327chr_2	2875001	2875001	0.969044
OphioH327chr_2	2925001	2925001	0.972118
OphioH327chr_2	2975001	2975001	0.964619
OphioH327chr_2	3025001	3025001	0.9635870000000001
OphioH327chr_2	3075001	3075001	0.9693930000000001
OphioH327chr_2	3125001	3125001	0.962799
OphioH327chr_2	3175001	3175001	0.9655219999999999
OphioH327chr_2	3225001	3225001	0.962583
OphioH327chr_2	3275001	3275001	0.9574010000000001
OphioH327chr_2	3325001	3325001	0.9621040000000001
OphioH327chr_2	3375001	3375001	0.961083
OphioH327chr_2	3425001	3425001	0.9609969999999999
OphioH327chr_2	3475001	3475001	0.963126
OphioH327chr_2	3525001	3525001	0.9767879999999999
OphioH327chr_2	3575001	3575001	0.951593
OphioH327chr_2	3625001	3625001	0.9757399999999999
OphioH327chr_2	3675001	3675001	0.973015
OphioH327chr_2	3725001	3725001	0.9716379999999999
OphioH327chr_2	3825001	3825001	0.9741479999999999
OphioH327chr_2	3875001	3875001	0.967168
OphioH327chr_2	3925001	3925001	0.956835
OphioH327chr_2	3975001	3975001	0.957693
OphioH327chr_2	4025001	4025001	0.9547100000000001
OphioH327chr_2	4075001	4075001	0.9569049999999999
OphioH327chr_2	4125001	4125001	0.964442
OphioH327chr_2	4175001	4175001	0.973935
OphioH327chr_2	4225001	4225001	0.968759
OphioH327chr_2	4275001	4275001	0.9741620000000001
OphioH327chr_2	4325001	4325001	0.960382
OphioH327chr_2	4375001	4375001	0.968665
OphioH327chr_2	4425001	4425001	0.965123
OphioH327chr_2	4475001	4475001	0.9628709999999999
OphioH327chr_2	4525001	4525001	0.9608270000000001
OphioH327chr_2	4575001	4575001	0.959708
OphioH327chr_2	4625001	4625001	0.9712270000000001
OphioH327chr_2	4675001	4675001	0.942673
OphioH327chr_2	4725001	4725001	0.962277
OphioH327chr_2	4775001	4775001	0.960799
OphioH327chr_2	4825001	4825001	0.9580780000000001
OphioH327chr_2	4875001	4875001	0.966781
OphioH327chr_2	4925001	4925001	0.9584459999999999
OphioH327chr_2	4975001	4975001	0.962709
OphioH327chr_2	5025001	5025001	0.9726040000000001
OphioH327chr_2	5075001	5075001	0.9570069999999999
OphioH327chr_2	5125001	5125001	0.942842
OphioH327chr_2	5175001	5175001	0.9370149999999999
OphioH327chr_2	5225001	5225001	0.9316780000000001
OphioH327chr_2	5275001	5275001	0.932638
OphioH327chr_2	5325001	5325001	0.917667
OphioH327chr_2	5375001	5375001	0.867574
OphioH327chr_2	5425001	5425001	0.860943
OphioH327chr_2	5475001	5475001	0.8826959999999999
OphioH327chr_2	5525001	5525001	0.869015
OphioH327chr_2	5575001	5575001	0.8628030000000001
OphioH327chr_2	5625001	5625001	0.8644219999999999
OphioH327chr_2	5675001	5675001	0.8916120000000001
OphioH327chr_2	5725001	5725001	0.879484
OphioH327chr_2	5775001	5775001	0.8952549999999999
OphioH327chr_2	5825001	5825001	0.878092
OphioH327chr_2	5875001	5875001	0.789075
OphioH327chr_2	5925001	5925001	0.8945559999999999
OphioH327chr_2	6025001	6025001	0.883777
OphioH327chr_2	6075001	6075001	0.8869020000000001
OphioH327chr_2	6125001	6125001	0.8671110000000001
OphioH327chr_2	6175001	6175001	0.84036
OphioH327chr_2	6225001	6225001	0.8205129999999999
OphioH327chr_2	6275001	6275001	0.840046
OphioH327chr_2	6325001	6325001	0.8411489999999999
OphioH327chr_2	6375001	6375001	0.816994
OphioH327chr_2	6425001	6425001	0.804741
OphioH327chr_2	6475001	6475001	0.837837
OphioH327chr_2	6525001	6525001	0.829749
OphioH327chr_2	6575001	6575001	0.8162520000000001
OphioH327chr_2	6625001	6625001	0.815075
OphioH327chr_2	6675001	6675001	0.834111
OphioH327chr_2	6725001	6725001	0.8458370000000001
OphioH327chr_3	75001	75001	0.935508
OphioH327chr_3	125001	125001	0.9112370000000001
OphioH327chr_3	175001	175001	0.938265
OphioH327chr_3	225001	225001	0.9576030000000001
OphioH327chr_3	275001	275001	0.952931
OphioH327chr_3	325001	325001	0.9522520000000001
OphioH327chr_3	375001	375001	0.951076
OphioH327chr_3	425001	425001	0.943422
OphioH327chr_3	475001	475001	0.8991620000000001
OphioH327chr_3	525001	525001	0.889827
OphioH327chr_3	575001	575001	0.939305
OphioH327chr_3	625001	625001	0.949131
OphioH327chr_3	675001	675001	0.9465899999999999
OphioH327chr_3	725001	725001	0.93616
OphioH327chr_3	775001	775001	0.941419
OphioH327chr_3	825001	825001	0.9220139999999999
OphioH327chr_3	875001	875001	0.883758
OphioH327chr_3	925001	925001	0.850648
OphioH327chr_3	975001	975001	0.919243
OphioH327chr_3	1025001	1025001	0.9201739999999999
OphioH327chr_3	1075001	1075001	0.9238649999999999
OphioH327chr_3	1125001	1125001	0.946736
OphioH327chr_3	1175001	1175001	0.9271370000000001
OphioH327chr_3	1275001	1275001	0.942433
OphioH327chr_3	1325001	1325001	0.946134
OphioH327chr_3	1375001	1375001	0.913845
OphioH327chr_3	1425001	1425001	0.9560629999999999
OphioH327chr_3	1475001	1475001	0.960414
OphioH327chr_3	1525001	1525001	0.9675809999999999
OphioH327chr_3	1575001	1575001	0.9576680000000001
OphioH327chr_3	1625001	1625001	0.956089
OphioH327chr_3	1675001	1675001	0.954959
OphioH327chr_3	1725001	1725001	0.967158
OphioH327chr_3	1775001	1775001	0.959965
OphioH327chr_3	1825001	1825001	0.9607209999999999
OphioH327chr_3	1875001	1875001	0.9685219999999999
OphioH327chr_3	1925001	1925001	0.9715719999999999
OphioH327chr_3	1975001	1975001	0.9625469999999999
OphioH327chr_3	2025001	2025001	0.9626950000000001
OphioH327chr_3	2075001	2075001	0.9552120000000001
OphioH327chr_3	2125001	2125001	0.960894
OphioH327chr_3	2175001	2175001	0.964658
OphioH327chr_3	2225001	2225001	0.9669559999999999
OphioH327chr_3	2275001	2275001	0.968526
OphioH327chr_3	2325001	2325001	0.9676319999999999
OphioH327chr_3	2375001	2375001	0.970836
OphioH327chr_3	2425001	2425001	0.9545170000000001
OphioH327chr_3	2475001	2475001	0.957616
OphioH327chr_3	2525001	2525001	0.9658389999999999
OphioH327chr_3	2575001	2575001	0.9726389999999999
OphioH327chr_3	2625001	2625001	0.9584020000000001
OphioH327chr_3	2675001	2675001	0.950116
OphioH327chr_3	2725001	2725001	0.9717610000000001
OphioH327chr_3	2775001	2775001	0.976334
OphioH327chr_3	2825001	2825001	0.9685370000000001
OphioH327chr_3	2875001	2875001	0.969399
OphioH327chr_3	2925001	2925001	0.974577
OphioH327chr_3	2975001	2975001	0.978766
OphioH327chr_3	3025001	3025001	0.9661209999999999
OphioH327chr_3	3075001	3075001	0.963382
OphioH327chr_3	3125001	3125001	0.9559709999999999
OphioH327chr_3	3175001	3175001	0.937301
OphioH327chr_3	3225001	3225001	0.940147
OphioH327chr_3	3275001	3275001	0.9485319999999999
OphioH327chr_3	3325001	3325001	0.9583139999999999
OphioH327chr_3	3375001	3375001	0.93776
OphioH327chr_3	3425001	3425001	0.952881
OphioH327chr_3	3475001	3475001	0.915805
OphioH327chr_3	3525001	3525001	0.90141
OphioH327chr_3	3575001	3575001	0.893202
OphioH327chr_4	75001	75001	0.959033
OphioH327chr_4	125001	125001	0.9615549999999999
OphioH327chr_4	175001	175001	0.959347
OphioH327chr_4	225001	225001	0.916824
OphioH327chr_4	275001	275001	0.884236
OphioH327chr_4	325001	325001	0.8930739999999999
OphioH327chr_4	375001	375001	0.8718469999999999
OphioH327chr_4	425001	425001	0.9230389999999999
OphioH327chr_4	475001	475001	0.8958799999999999
OphioH327chr_4	525001	525001	0.876713
OphioH327chr_4	575001	575001	0.91485
OphioH327chr_4	625001	625001	0.8927350000000001
OphioH327chr_4	675001	675001	0.926271
OphioH327chr_4	725001	725001	0.932047
OphioH327chr_4	775001	775001	0.955175
OphioH327chr_4	825001	825001	0.9643139999999999
OphioH327chr_4	875001	875001	0.959119
OphioH327chr_4	925001	925001	0.971359
OphioH327chr_4	975001	975001	0.966009
OphioH327chr_4	1025001	1025001	0.9642620000000001
OphioH327chr_4	1075001	1075001	0.9592870000000001
OphioH327chr_4	1125001	1125001	0.955692
OphioH327chr_4	1175001	1175001	0.947391
OphioH327chr_4	1225001	1225001	0.939378
OphioH327chr_4	1275001	1275001	0.94081
OphioH327chr_4	1325001	1325001	0.939758
OphioH327chr_4	1375001	1375001	0.935768
OphioH327chr_4	1425001	1425001	0.9522930000000001
OphioH327chr_4	1475001	1475001	0.949434
OphioH327chr_4	1525001	1525001	0.958155
OphioH327chr_4	1575001	1575001	0.971216
OphioH327chr_4	1625001	1625001	0.963708
OphioH327chr_4	1675001	1675001	0.961865
OphioH327chr_4	1725001	1725001	0.915201
OphioH327chr_4	1775001	1775001	0.934874
OphioH327chr_4	1825001	1825001	0.956169
OphioH327chr_4	1875001	1875001	0.9565379999999999
OphioH327chr_4	1925001	1925001	0.957965
OphioH327chr_4	1975001	1975001	0.959291
OphioH327chr_4	2025001	2025001	0.964825
OphioH327chr_4	2075001	2075001	0.964046
OphioH327chr_4	2125001	2125001	0.9422719999999999
OphioH327chr_4	2175001	2175001	0.9061469999999999
OphioH327chr_4	2225001	2225001	0.904781
OphioH327chr_4	2275001	2275001	0.9173469999999999
OphioH327chr_4	2325001	2325001	0.9178959999999999
OphioH327chr_4	2375001	2375001	0.917632
OphioH327chr_4	2425001	2425001	0.905652
OphioH327chr_4	2475001	2475001	0.9062549999999999
OphioH327chr_4	2525001	2525001	0.9065489999999999
OphioH327chr_4	2575001	2575001	0.930845
OphioH327chr_4	2625001	2625001	0.920947
OphioH327chr_4	2675001	2675001	0.949134
OphioH327chr_4	2725001	2725001	0.938459
OphioH327chr_4	2775001	2775001	0.929983
OphioH327chr_4	2825001	2825001	0.940887
OphioH327chr_4	2875001	2875001	0.92774
OphioH327chr_4	2925001	2925001	0.9273450000000001
OphioH327chr_4	2975001	2975001	0.926201
OphioH327chr_4	3025001	3025001	0.944641
OphioH327chr_4	3075001	3075001	0.9348790000000001
OphioH327chr_4	3125001	3125001	0.932558
OphioH327chr_4	3175001	3175001	0.9524469999999999
OphioH327chr_4	3225001	3225001	0.916488
OphioH327chr_4	3275001	3275001	0.902443
OphioH327chr_4	3325001	3325001	0.8321290000000001
OphioH327chr_5	25001	25001	0.930776
OphioH327chr_5	75001	75001	0.825723
OphioH327chr_5	125001	125001	0.8416290000000001
OphioH327chr_5	175001	175001	0.9322229999999999
OphioH327chr_5	225001	225001	0.9234620000000001
OphioH327chr_5	275001	275001	0.927523
OphioH327chr_5	325001	325001	0.9096209999999999
OphioH327chr_5	375001	375001	0.907186
OphioH327chr_5	425001	425001	0.887734
OphioH327chr_5	475001	475001	0.9034639999999999
OphioH327chr_5	525001	525001	0.912014
OphioH327chr_5	575001	575001	0.927743
OphioH327chr_5	625001	625001	0.9203100000000001
OphioH327chr_5	675001	675001	0.9296200000000001
OphioH327chr_5	725001	725001	0.9353940000000001
OphioH327chr_5	775001	775001	0.922833
OphioH327chr_5	825001	825001	0.9500299999999999
OphioH327chr_5	875001	875001	0.9456209999999999
OphioH327chr_5	925001	925001	0.953432
OphioH327chr_5	975001	975001	0.9532889999999999
OphioH327chr_5	1025001	1025001	0.952728
OphioH327chr_5	1075001	1075001	0.954426
OphioH327chr_5	1125001	1125001	0.9076299999999999
OphioH327chr_5	1175001	1175001	0.938818
OphioH327chr_5	1225001	1225001	0.957268
OphioH327chr_5	1275001	1275001	0.9579489999999999
OphioH327chr_5	1325001	1325001	0.94234
OphioH327chr_5	1375001	1375001	0.9420120000000001
OphioH327chr_5	1425001	1425001	0.941635
OphioH327chr_5	1475001	1475001	0.952031
OphioH327chr_5	1525001	1525001	0.9354110000000001
OphioH327chr_5	1575001	1575001	0.952943
OphioH327chr_5	1625001	1625001	0.932968
OphioH327chr_5	1675001	1675001	0.923975
OphioH327chr_5	1775001	1775001	0.842116
OphioH327chr_5	1825001	1825001	0.936607
OphioH327chr_5	1875001	1875001	0.9378049999999999
OphioH327chr_5	1925001	1925001	0.913206
OphioH327chr_5	1975001	1975001	0.948989
OphioH327chr_5	2025001	2025001	0.9490850000000001
OphioH327chr_5	2075001	2075001	0.9340870000000001
OphioH327chr_5	2125001	2125001	0.919949
OphioH327chr_5	2175001	2175001	0.9221309999999999
OphioH327chr_5	2225001	2225001	0.9407120000000001
OphioH327chr_5	2275001	2275001	0.96673
OphioH327chr_5	2325001	2325001	0.9699030000000001
OphioH327chr_5	2375001	2375001	0.90018
OphioH327chr_5	2425001	2425001	0.9021309999999999
OphioH327chr_5	2475001	2475001	0.866719
OphioH327chr_5	2525001	2525001	0.822565
OphioH327chr_5	2575001	2575001	0.8303649999999999
OphioH327chr_5	2625001	2625001	0.951651
OphioH327chr_5	2675001	2675001	0.948248
OphioH327chr_5	2725001	2725001	0.951592
OphioH327chr_5	2775001	2775001	0.9614799999999999
OphioH327chr_6	75001	75001	0.9655030000000001
OphioH327chr_6	125001	125001	0.960426
OphioH327chr_6	175001	175001	0.9586899999999999
OphioH327chr_6	225001	225001	0.956324
OphioH327chr_6	275001	275001	0.961889
OphioH327chr_6	325001	325001	0.9552139999999999
OphioH327chr_6	375001	375001	0.848115
OphioH327chr_6	425001	425001	0.7681939999999999
OphioH327chr_6	475001	475001	0.796788
OphioH327chr_6	525001	525001	0.738672
OphioH327chr_6	575001	575001	0.7809470000000001
OphioH327chr_6	625001	625001	0.829478
OphioH327chr_6	675001	675001	0.880141
OphioH327chr_6	725001	725001	0.8534309999999999
OphioH327chr_6	775001	775001	0.8836360000000001
OphioH327chr_6	825001	825001	0.911639
OphioH327chr_6	875001	875001	0.9447700000000001
OphioH327chr_6	925001	925001	0.9599770000000001
OphioH327chr_6	975001	975001	0.958989
OphioH327chr_6	1025001	1025001	0.9768979999999999
OphioH327chr_6	1075001	1075001	0.9722770000000001
OphioH327chr_6	1125001	1125001	0.979984
OphioH327chr_6	1175001	1175001	0.9761299999999999
OphioH327chr_6	1225001	1225001	0.9758110000000001
OphioH327chr_6	1275001	1275001	0.962673
OphioH327chr_6	1325001	1325001	0.940024
OphioH327chr_6	1375001	1375001	0.951925
OphioH327chr_6	1425001	1425001	0.9389069999999999
OphioH327chr_6	1475001	1475001	0.940939
OphioH327chr_6	1525001	1525001	0.930976
OphioH327chr_6	1575001	1575001	0.896813
OphioH327chr_6	1625001	1625001	0.9113319999999999
OphioH327chr_6	1675001	1675001	0.9316700000000001
OphioH327chr_6	1725001	1725001	0.9176209999999999
OphioH327chr_6	1775001	1775001	0.900906
OphioH327chr_6	1825001	1825001	0.9171819999999999
OphioH327chr_6	1875001	1875001	0.9206049999999999
OphioH327chr_6	1925001	1925001	0.915277
OphioH327chr_6	1975001	1975001	0.921219
OphioH327chr_6	2025001	2025001	0.937248
OphioH327chr_6	2075001	2075001	0.9191469999999999
OphioH327chr_6	2125001	2125001	0.9099219999999999
OphioH327chr_6	2175001	2175001	0.897926
OphioH327chr_6	2225001	2225001	0.9252959999999999
OphioH327chr_6	2275001	2275001	0.918215
OphioH327chr_6	2325001	2325001	0.904178
OphioH327chr_6	2375001	2375001	0.9111239999999999
OphioH327chr_6	2425001	2425001	0.9252229999999999
OphioH327chr_6	2475001	2475001	0.915168
OphioH327chr_6	2525001	2525001	0.9105469999999999
OphioH327chr_6	2575001	2575001	0.9240729999999999
OphioH327chr_6	2625001	2625001	0.925768
OphioH327chr_6	2675001	2675001	0.9341870000000001
OphioH327chr_6	2725001	2725001	0.9390059999999999
OphioH327chr_7	75001	75001	0.940674
OphioH327chr_7	125001	125001	0.93445
OphioH327chr_7	175001	175001	0.922027
OphioH327chr_7	225001	225001	0.898401
OphioH327chr_7	275001	275001	0.947177
OphioH327chr_7	325001	325001	0.9142610000000001
OphioH327chr_7	375001	375001	0.9333950000000001
OphioH327chr_7	425001	425001	0.931787
OphioH327chr_7	475001	475001	0.952801
OphioH327chr_7	525001	525001	0.950659
OphioH327chr_7	575001	575001	0.930689
OphioH327chr_7	625001	625001	0.961252
OphioH327chr_7	675001	675001	0.9637129999999999
OphioH327chr_7	725001	725001	0.9595950000000001
OphioH327chr_7	775001	775001	0.941156
OphioH327chr_7	825001	825001	0.960894
OphioH327chr_7	875001	875001	0.9475049999999999
OphioH327chr_7	925001	925001	0.9629040000000001
OphioH327chr_7	975001	975001	0.955076
OphioH327chr_7	1025001	1025001	0.949484
OphioH327chr_7	1075001	1075001	0.9372030000000001
OphioH327chr_7	1125001	1125001	0.9585530000000001
OphioH327chr_7	1175001	1175001	0.957147
OphioH327chr_7	1225001	1225001	0.9602639999999999
OphioH327chr_7	1275001	1275001	0.9658959999999999
OphioH327chr_7	1325001	1325001	0.960299
OphioH327chr_7	1375001	1375001	0.943327
OphioH327chr_7	1425001	1425001	0.956676
OphioH327chr_7	1475001	1475001	0.960677
OphioH327chr_7	1525001	1525001	0.9693510000000001
OphioH327chr_7	1575001	1575001	0.969147
OphioH327chr_7	1625001	1625001	0.962636
OphioH327chr_7	1675001	1675001	0.954976
OphioH327chr_7	1725001	1725001	0.963409
OphioH327chr_7	1775001	1775001	0.9497450000000001
OphioH327chr_7	1825001	1825001	0.9634209999999999
OphioH327chr_7	1875001	1875001	0.957506
OphioH327chr_7	1925001	1925001	0.948517
OphioH327chr_7	1975001	1975001	0.9361950000000001
OphioH327chr_7	2025001	2025001	0.931261
OphioH327chr_7	2075001	2075001	0.912889
OphioH327chr_7	2125001	2125001	0.931692
OphioH327chr_7	2175001	2175001	0.925867
OphioH327chr_7	2275001	2275001	0.890875
OphioH327chr_7	2325001	2325001	0.880416
OphioH327chr_7	2375001	2375001	0.896193
OphioH327chr_7	2425001	2425001	0.8903540000000001
OphioH327chr_7	2475001	2475001	0.876534
OphioH327chr_7	2525001	2525001	0.889025
OphioH327chr_7	2575001	2575001	0.917652
OphioH327chr_7	2625001	2625001	0.923061
OphioH327chr_7	2675001	2675001	0.9249139999999999
OphioH327chr_7	2725001	2725001	0.959678
OphioH327chr_8	75001	75001	0.967929
OphioH327chr_8	125001	125001	0.979584
OphioH327chr_8	175001	175001	0.9631559999999999
OphioH327chr_8	225001	225001	0.9316059999999999
OphioH327chr_8	275001	275001	0.9183620000000001
OphioH327chr_8	325001	325001	0.9222549999999999
OphioH327chr_8	375001	375001	0.914683
OphioH327chr_8	425001	425001	0.875302
OphioH327chr_8	575001	575001	0.796211
OphioH327chr_8	625001	625001	0.715055
OphioH327chr_8	675001	675001	0.746017
OphioH327chr_8	725001	725001	0.7192689999999999
OphioH327chr_8	775001	775001	0.802309
OphioH327chr_8	825001	825001	0.807561
OphioH327chr_8	875001	875001	0.839794
OphioH327chr_8	925001	925001	0.882855
OphioH327chr_8	975001	975001	0.900281
OphioH327chr_8	1025001	1025001	0.9112370000000001
OphioH327chr_8	1075001	1075001	0.9167629999999999
OphioH327chr_8	1125001	1125001	0.9108790000000001
OphioH327chr_8	1175001	1175001	0.923257
OphioH327chr_8	1225001	1225001	0.903308
OphioH327chr_8	1275001	1275001	0.90466
OphioH327chr_8	1325001	1325001	0.942644
OphioH327chr_8	1375001	1375001	0.941161
OphioH327chr_8	1425001	1425001	0.93266
OphioH327chr_8	1475001	1475001	0.9352520000000001
OphioH327chr_8	1575001	1575001	0.9061110000000001
OphioH327chr_8	1625001	1625001	0.940248
OphioH327chr_8	1675001	1675001	0.953411
OphioH327chr_8	1725001	1725001	0.954149
OphioH327chr_8	1775001	1775001	0.9503229999999999
OphioH327chr_8	1825001	1825001	0.963852
OphioH327chr_8	1875001	1875001	0.9736959999999999
OphioH327chr_8	1925001	1925001	0.957289
OphioH327chr_8	1975001	1975001	0.88626
OphioH327chr_8	2025001	2025001	0.763197
OphioH327chr_8	2075001	2075001	0.7743939999999999
OphioH327chr_8	2125001	2125001	0.864625
OphioH327chr_8	2175001	2175001	0.841673
OphioH327chr_8	2225001	2225001	0.8593959999999999
OphioH327chr_8	2275001	2275001	0.908222
OphioH327chr_8	2325001	2325001	0.9310870000000001
OphioH327chr_8	2375001	2375001	0.9213309999999999
OphioH327chr_8	2425001	2425001	0.9242239999999999
OphioH327chr_8	2475001	2475001	0.929658
