OphioH327chr_1	75000	75000	0.031869553596400924
OphioH327chr_1	125000	125000	0.031006040938822123
OphioH327chr_1	175000	175000	0.03441341337893451
OphioH327chr_1	225000	225000	0.02616432856862647
OphioH327chr_1	275000	275000	0.03130960845813132
OphioH327chr_1	325000	325000	0.035994794886793885
OphioH327chr_1	375000	375000	0.03357695875828357
OphioH327chr_1	425000	425000	0.03615262460160483
OphioH327chr_1	475000	475000	0.031529454131214364
OphioH327chr_1	525000	525000	0.02825418031230948
OphioH327chr_1	575000	575000	0.03401866437292984
OphioH327chr_1	625000	625000	0.03430148604083074
OphioH327chr_1	675000	675000	0.03216804086765056
OphioH327chr_1	725000	725000	0.03100547978039218
OphioH327chr_1	775000	775000	0.031910315830889685
OphioH327chr_1	825000	825000	0.031720681675286425
OphioH327chr_1	875000	875000	0.03526276975985067
OphioH327chr_1	925000	925000	0.0326547417405835
OphioH327chr_1	975000	975000	0.03173313677230156
OphioH327chr_1	1025000	1025000	0.036235096820828046
OphioH327chr_1	1075000	1075000	0.03115860178186136
OphioH327chr_1	1125000	1125000	0.03513428460642685
OphioH327chr_1	1175000	1175000	0.027456422474418058
OphioH327chr_1	1225000	1225000	0.031348141365553917
OphioH327chr_1	1275000	1275000	0.033748155221945575
OphioH327chr_1	1325000	1325000	0.029807846633042673
OphioH327chr_1	1375000	1375000	0.03173126288593063
OphioH327chr_1	1425000	1425000	0.03188127475543649
OphioH327chr_1	1475000	1475000	0.03588169050501154
OphioH327chr_1	1525000	1525000	0.03852462958248605
OphioH327chr_1	1575000	1575000	0.043238857959919115
OphioH327chr_1	1625000	1625000	0.02963694524699233
OphioH327chr_1	1675000	1675000	0.0319489886989832
OphioH327chr_1	1725000	1725000	0.027493316023818683
OphioH327chr_1	1775000	1775000	0.03047936179706643
OphioH327chr_1	1825000	1825000	0.029902005571623404
OphioH327chr_1	1875000	1875000	0.032546856864086135
OphioH327chr_1	1925000	1925000	0.03657241834004769
OphioH327chr_1	1975000	1975000	0.03148234278472844
OphioH327chr_1	2025000	2025000	0.035308869674842314
OphioH327chr_1	2075000	2075000	0.03360739589660142
OphioH327chr_1	2125000	2125000	0.028394848572779668
OphioH327chr_1	2175000	2175000	0.03280083248262364
OphioH327chr_1	2225000	2225000	0.031489550547618914
OphioH327chr_1	2275000	2275000	0.029204541628855083
OphioH327chr_1	2325000	2325000	0.03208066903724488
OphioH327chr_1	2375000	2375000	0.03062855512500287
OphioH327chr_1	2425000	2425000	0.031346227635835104
OphioH327chr_1	2475000	2475000	0.030306148307581566
OphioH327chr_1	2525000	2525000	0.033611566569028806
OphioH327chr_1	2575000	2575000	0.03131983091910298
OphioH327chr_1	2625000	2625000	0.02854983641160194
OphioH327chr_1	2675000	2675000	0.03269432090918908
OphioH327chr_1	2725000	2725000	0.03294532676826651
OphioH327chr_1	2775000	2775000	0.03081022097379058
OphioH327chr_1	2825000	2825000	0.03176204445301267
OphioH327chr_1	2875000	2875000	0.033745462886075
OphioH327chr_1	2925000	2925000	0.03127406795099078
OphioH327chr_1	2975000	2975000	0.03075218100241008
OphioH327chr_1	3025000	3025000	0.032153370010886445
OphioH327chr_1	3075000	3075000	0.032050905069551223
OphioH327chr_1	3125000	3125000	0.02967123542204289
OphioH327chr_1	3175000	3175000	0.030074938380584115
OphioH327chr_1	3225000	3225000	0.03032471886587149
OphioH327chr_1	3275000	3275000	0.031054632300527813
OphioH327chr_1	3325000	3325000	0.0306431283592305
OphioH327chr_1	3375000	3375000	0.03244158907157727
OphioH327chr_1	3425000	3425000	0.03021911336162283
OphioH327chr_1	3475000	3475000	0.03166142777765542
OphioH327chr_1	3525000	3525000	0.032119192771831395
OphioH327chr_1	3575000	3575000	0.028556397904980664
OphioH327chr_1	3625000	3625000	0.030632778687287577
OphioH327chr_1	3675000	3675000	0.029626548570849176
OphioH327chr_1	3725000	3725000	0.03123132045713585
OphioH327chr_1	3775000	3775000	0.030968898416529368
OphioH327chr_1	3825000	3825000	0.029378291752386192
OphioH327chr_1	3875000	3875000	0.03124872051412355
OphioH327chr_1	3925000	3925000	0.030133925048634668
OphioH327chr_1	3975000	3975000	0.029886011419046572
OphioH327chr_1	4025000	4025000	0.03172211515647975
OphioH327chr_1	4075000	4075000	0.03828991888710516
OphioH327chr_1	4125000	4125000	0.03724674941473221
OphioH327chr_1	4175000	4175000	0.029723725030534522
OphioH327chr_1	4225000	4225000	0.029910373210736724
OphioH327chr_1	4275000	4275000	0.03275027308731547
OphioH327chr_1	4325000	4325000	0.0291684036745613
OphioH327chr_1	4375000	4375000	0.031067873564297622
OphioH327chr_1	4425000	4425000	0.029315145802566996
OphioH327chr_1	4475000	4475000	0.02977953871385557
OphioH327chr_1	4525000	4525000	0.032500896264498
OphioH327chr_1	4575000	4575000	0.034215173834899665
OphioH327chr_1	4625000	4625000	0.03251414592116995
OphioH327chr_1	4675000	4675000	0.03395189011037205
OphioH327chr_1	4725000	4725000	0.03383087620370376
OphioH327chr_1	4775000	4775000	0.03429066008973925
OphioH327chr_1	4825000	4825000	0.032726787096395475
OphioH327chr_1	4875000	4875000	0.0330071999309081
OphioH327chr_1	4925000	4925000	0.03029013801228981
OphioH327chr_1	4975000	4975000	0.03659449196564491
OphioH327chr_1	5025000	5025000	0.039684157898188695
OphioH327chr_1	5075000	5075000	0.03439842260905734
OphioH327chr_1	5125000	5125000	0.03661363937423452
OphioH327chr_1	5175000	5175000	0.032337474773169186
OphioH327chr_1	5225000	5225000	0.03405926892061298
OphioH327chr_1	5275000	5275000	0.03334612461269793
OphioH327chr_1	5325000	5325000	0.037077927043930765
OphioH327chr_1	5375000	5375000	0.033658977955905
OphioH327chr_1	5425000	5425000	0.033446332579185105
OphioH327chr_1	5475000	5475000	0.03232808516890733
OphioH327chr_1	5525000	5525000	0.03778640912821638
OphioH327chr_1	5575000	5575000	0.041249407994196914
OphioH327chr_1	5625000	5625000	0.03496209555505442
OphioH327chr_1	5675000	5675000	0.036631230657835946
OphioH327chr_1	5725000	5725000	0.03740500959951781
OphioH327chr_1	5775000	5775000	0.038659056541907794
OphioH327chr_1	5825000	5825000	0.034820194595030544
OphioH327chr_1	5875000	5875000	0.03425345813382648
OphioH327chr_1	5925000	5925000	0.03789237163801937
OphioH327chr_1	5975000	5975000	0.03617380922831808
OphioH327chr_1	6025000	6025000	0.03419425109802436
OphioH327chr_1	6075000	6075000	0.029783149612558627
OphioH327chr_1	6125000	6125000	0.02910854465568897
OphioH327chr_1	6175000	6175000	0.029395572682026982
OphioH327chr_1	6225000	6225000	0.029940340877044894
OphioH327chr_1	6275000	6275000	0.03591382902420908
OphioH327chr_1	6325000	6325000	0.034459032604156906
OphioH327chr_1	6375000	6375000	0.04281117787108242
OphioH327chr_1	6425000	6425000	0.04970490979804062
OphioH327chr_1	6475000	6475000	0.037786984702000745
OphioH327chr_1	6525000	6525000	0.0366780448950055
OphioH327chr_1	6575000	6575000	0.03946532932826282
OphioH327chr_1	6625000	6625000	0.03566639154332254
OphioH327chr_1	6675000	6675000	0.022357777137430937
OphioH327chr_1	6725000	6725000	0.02113492591065992
OphioH327chr_1	6775000	6775000	0.03452221953020038
OphioH327chr_1	6825000	6825000	0.03501069654951298
OphioH327chr_1	6875000	6875000	0.020920578030215475
OphioH327chr_2	25000	25000	0.02662741527963976
OphioH327chr_2	75000	75000	0.026028943357748177
OphioH327chr_2	125000	125000	0.033686355717924964
OphioH327chr_2	175000	175000	0.03117148589965913
OphioH327chr_2	225000	225000	0.034047735057055446
OphioH327chr_2	275000	275000	0.03423935016007578
OphioH327chr_2	325000	325000	0.033679500361673394
OphioH327chr_2	375000	375000	0.03003231307674934
OphioH327chr_2	425000	425000	0.034630387950243695
OphioH327chr_2	475000	475000	0.03483946490804864
OphioH327chr_2	525000	525000	0.02683640485531729
OphioH327chr_2	575000	575000	0.03214312930092665
OphioH327chr_2	625000	625000	0.03670771058850827
OphioH327chr_2	675000	675000	0.037833986839674885
OphioH327chr_2	725000	725000	0.034440003680362256
OphioH327chr_2	775000	775000	0.0347075252701927
OphioH327chr_2	825000	825000	0.034023000338805884
OphioH327chr_2	875000	875000	0.02897782373595152
OphioH327chr_2	925000	925000	0.029810036386105673
OphioH327chr_2	975000	975000	0.031184568079959847
OphioH327chr_2	1025000	1025000	0.03720241732322216
OphioH327chr_2	1125000	1125000	0.03334587304352702
OphioH327chr_2	1175000	1175000	0.03236015770033135
OphioH327chr_2	1225000	1225000	0.028427430205768663
OphioH327chr_2	1275000	1275000	0.030468609064907122
OphioH327chr_2	1325000	1325000	0.029676542845648038
OphioH327chr_2	1375000	1375000	0.03296081330916108
OphioH327chr_2	1425000	1425000	0.030639954181912735
OphioH327chr_2	1475000	1475000	0.029142419871949248
OphioH327chr_2	1525000	1525000	0.03067993877762718
OphioH327chr_2	1575000	1575000	0.03388649643791498
OphioH327chr_2	1625000	1625000	0.03557338055913089
OphioH327chr_2	1675000	1675000	0.03045975730744109
OphioH327chr_2	1725000	1725000	0.027023528740606116
OphioH327chr_2	1775000	1775000	0.02651884622706137
OphioH327chr_2	1825000	1825000	0.03173148586505934
OphioH327chr_2	1875000	1875000	0.03184484180330538
OphioH327chr_2	1925000	1925000	0.03131940252756969
OphioH327chr_2	1975000	1975000	0.03221250872952183
OphioH327chr_2	2025000	2025000	0.03067193969243071
OphioH327chr_2	2075000	2075000	0.031263146105320896
OphioH327chr_2	2125000	2125000	0.03176021238933546
OphioH327chr_2	2175000	2175000	0.029336556754809676
OphioH327chr_2	2225000	2225000	0.035563447465476926
OphioH327chr_2	2275000	2275000	0.030636022034299753
OphioH327chr_2	2325000	2325000	0.03346930029850302
OphioH327chr_2	2375000	2375000	0.033096408226099015
OphioH327chr_2	2425000	2425000	0.03304903953516496
OphioH327chr_2	2475000	2475000	0.03289512066393143
OphioH327chr_2	2525000	2525000	0.03176811051737682
OphioH327chr_2	2575000	2575000	0.02907503034271396
OphioH327chr_2	2625000	2625000	0.029211236394043216
OphioH327chr_2	2675000	2675000	0.02457672587537578
OphioH327chr_2	2725000	2725000	0.03040494492842022
OphioH327chr_2	2775000	2775000	0.034683821978952666
OphioH327chr_2	2825000	2825000	0.028164931796497965
OphioH327chr_2	2875000	2875000	0.03195713473891292
OphioH327chr_2	2925000	2925000	0.03140632269305358
OphioH327chr_2	2975000	2975000	0.03139291731391356
OphioH327chr_2	3025000	3025000	0.032332146767554186
OphioH327chr_2	3075000	3075000	0.03511372014525365
OphioH327chr_2	3125000	3125000	0.03213737974866377
OphioH327chr_2	3175000	3175000	0.032883107404786505
OphioH327chr_2	3225000	3225000	0.03165908125652725
OphioH327chr_2	3275000	3275000	0.028475027645227212
OphioH327chr_2	3325000	3325000	0.03310341348007013
OphioH327chr_2	3375000	3375000	0.03208262356387517
OphioH327chr_2	3425000	3425000	0.028585799802740577
OphioH327chr_2	3475000	3475000	0.03397949878828879
OphioH327chr_2	3525000	3525000	0.030394255167446465
OphioH327chr_2	3575000	3575000	0.036872093365494484
OphioH327chr_2	3625000	3625000	0.03227504664389816
OphioH327chr_2	3675000	3675000	0.032246927147932834
OphioH327chr_2	3725000	3725000	0.032205076404485236
OphioH327chr_2	3825000	3825000	0.02815522631663584
OphioH327chr_2	3875000	3875000	0.0331190205577592
OphioH327chr_2	3925000	3925000	0.030214128894628198
OphioH327chr_2	3975000	3975000	0.02858264082523597
OphioH327chr_2	4025000	4025000	0.033670606120887396
OphioH327chr_2	4075000	4075000	0.03047972178199013
OphioH327chr_2	4125000	4125000	0.030935204583703635
OphioH327chr_2	4175000	4175000	0.035138131147379736
OphioH327chr_2	4225000	4225000	0.03210963251461496
OphioH327chr_2	4275000	4275000	0.038264757083460915
OphioH327chr_2	4325000	4325000	0.037636903373463496
OphioH327chr_2	4375000	4375000	0.030446208235697925
OphioH327chr_2	4425000	4425000	0.03082154226038212
OphioH327chr_2	4475000	4475000	0.031583461276223426
OphioH327chr_2	4525000	4525000	0.029213268290474433
OphioH327chr_2	4575000	4575000	0.03387707327352796
OphioH327chr_2	4625000	4625000	0.03088506679487991
OphioH327chr_2	4675000	4675000	0.02960659886602017
OphioH327chr_2	4725000	4725000	0.0324027620634444
OphioH327chr_2	4775000	4775000	0.03135450889397809
OphioH327chr_2	4825000	4825000	0.026737254729888044
OphioH327chr_2	4875000	4875000	0.03208986880335468
OphioH327chr_2	4925000	4925000	0.03205896797832835
OphioH327chr_2	4975000	4975000	0.03205507649647622
OphioH327chr_2	5025000	5025000	0.028833386096811492
OphioH327chr_2	5075000	5075000	0.03250651979649049
OphioH327chr_2	5125000	5125000	0.03767536635537109
OphioH327chr_2	5175000	5175000	0.032468212245086704
OphioH327chr_2	5225000	5225000	0.030851861065666057
OphioH327chr_2	5275000	5275000	0.03551928660720051
OphioH327chr_2	5325000	5325000	0.033522092546271226
OphioH327chr_2	5375000	5375000	0.031772176589475454
OphioH327chr_2	5425000	5425000	0.03355659265780845
OphioH327chr_2	5475000	5475000	0.03142641674451656
OphioH327chr_2	5525000	5525000	0.029264219964836233
OphioH327chr_2	5575000	5575000	0.031142022974699413
OphioH327chr_2	5625000	5625000	0.03372708280789769
OphioH327chr_2	5675000	5675000	0.03753729302378732
OphioH327chr_2	5725000	5725000	0.03349887761378447
OphioH327chr_2	5775000	5775000	0.03301915439835065
OphioH327chr_2	5825000	5825000	0.02318366429671373
OphioH327chr_2	5875000	5875000	0.026483867176110315
OphioH327chr_2	5925000	5925000	0.03390197879949029
OphioH327chr_2	6025000	6025000	0.036976161205790975
OphioH327chr_2	6075000	6075000	0.03443959209034562
OphioH327chr_2	6125000	6125000	0.03465483881591402
OphioH327chr_2	6175000	6175000	0.03343594273092101
OphioH327chr_2	6225000	6225000	0.02612495191515118
OphioH327chr_2	6275000	6275000	0.03557738155341021
OphioH327chr_2	6325000	6325000	0.031350681437598255
OphioH327chr_2	6375000	6375000	0.0309125177294157
OphioH327chr_2	6425000	6425000	0.0253776789300516
OphioH327chr_2	6475000	6475000	0.030661473805458337
OphioH327chr_2	6525000	6525000	0.03172958135806578
OphioH327chr_2	6575000	6575000	0.028439582000474615
OphioH327chr_2	6625000	6625000	0.02455216701958588
OphioH327chr_2	6675000	6675000	0.02896279355103898
OphioH327chr_2	6725000	6725000	0.03316517034323526
OphioH327chr_3	75000	75000	0.027010708654021463
OphioH327chr_3	125000	125000	0.03589144345492166
OphioH327chr_3	175000	175000	0.02906725006377023
OphioH327chr_3	225000	225000	0.03406099571046293
OphioH327chr_3	275000	275000	0.03353121103803234
OphioH327chr_3	325000	325000	0.04092650719956118
OphioH327chr_3	375000	375000	0.03265700780732979
OphioH327chr_3	425000	425000	0.027571848383911718
OphioH327chr_3	475000	475000	0.022707139309238653
OphioH327chr_3	525000	525000	0.02149315357919304
OphioH327chr_3	575000	575000	0.0294789749177738
OphioH327chr_3	625000	625000	0.03272706075004041
OphioH327chr_3	675000	675000	0.0417830762274669
OphioH327chr_3	725000	725000	0.037442401936667924
OphioH327chr_3	775000	775000	0.03594307077167564
OphioH327chr_3	825000	825000	0.030668594521606737
OphioH327chr_3	875000	875000	0.031223824576751567
OphioH327chr_3	925000	925000	0.034944210398045975
OphioH327chr_3	975000	975000	0.036703350071247955
OphioH327chr_3	1025000	1025000	0.037222368304461816
OphioH327chr_3	1075000	1075000	0.03482284421251896
OphioH327chr_3	1125000	1125000	0.033229265296300554
OphioH327chr_3	1175000	1175000	0.03520719813082975
OphioH327chr_3	1275000	1275000	0.031477242862689894
OphioH327chr_3	1325000	1325000	0.03414023283550562
OphioH327chr_3	1375000	1375000	0.03504851490730079
OphioH327chr_3	1425000	1425000	0.027898636512292498
OphioH327chr_3	1475000	1475000	0.03441414938385173
OphioH327chr_3	1525000	1525000	0.02947953411528222
OphioH327chr_3	1575000	1575000	0.030610139093070334
OphioH327chr_3	1625000	1625000	0.0332492537084065
OphioH327chr_3	1675000	1675000	0.03347002989867028
OphioH327chr_3	1725000	1725000	0.035383603911609815
OphioH327chr_3	1775000	1775000	0.031116241443641588
OphioH327chr_3	1825000	1825000	0.03222740933649076
OphioH327chr_3	1875000	1875000	0.03120703550551481
OphioH327chr_3	1925000	1925000	0.02950736010202917
OphioH327chr_3	1975000	1975000	0.03182036177270371
OphioH327chr_3	2025000	2025000	0.031329372058639025
OphioH327chr_3	2075000	2075000	0.030220706115357283
OphioH327chr_3	2125000	2125000	0.024427821451996568
OphioH327chr_3	2175000	2175000	0.02787543542428351
OphioH327chr_3	2225000	2225000	0.03755959674336664
OphioH327chr_3	2275000	2275000	0.03922502951357603
OphioH327chr_3	2325000	2325000	0.039558256471842364
OphioH327chr_3	2375000	2375000	0.03301701798522236
OphioH327chr_3	2425000	2425000	0.032549409301425115
OphioH327chr_3	2475000	2475000	0.03257867568675545
OphioH327chr_3	2525000	2525000	0.03021934160245271
OphioH327chr_3	2575000	2575000	0.026466518464420326
OphioH327chr_3	2625000	2625000	0.02858750712207749
OphioH327chr_3	2675000	2675000	0.03059243108793899
OphioH327chr_3	2725000	2725000	0.034944147355315314
OphioH327chr_3	2775000	2775000	0.03683638398091053
OphioH327chr_3	2825000	2825000	0.035092009461314536
OphioH327chr_3	2875000	2875000	0.036978248100758504
OphioH327chr_3	2925000	2925000	0.03023085919086276
OphioH327chr_3	2975000	2975000	0.03252236489350764
OphioH327chr_3	3025000	3025000	0.02931329286575461
OphioH327chr_3	3075000	3075000	0.029492467700388582
OphioH327chr_3	3125000	3125000	0.03053950661784544
OphioH327chr_3	3175000	3175000	0.030351485882017106
OphioH327chr_3	3225000	3225000	0.03358170356306161
OphioH327chr_3	3275000	3275000	0.03266499029072226
OphioH327chr_3	3325000	3325000	0.029261361401014374
OphioH327chr_3	3375000	3375000	0.027682970556105375
OphioH327chr_3	3425000	3425000	0.02984098897504049
OphioH327chr_3	3475000	3475000	0.027633240506101237
OphioH327chr_3	3525000	3525000	0.027003948235459558
OphioH327chr_3	3575000	3575000	0.032402887242494544
OphioH327chr_4	75000	75000	0.038248282117955536
OphioH327chr_4	125000	125000	0.04022099774730431
OphioH327chr_4	175000	175000	0.03988324847774995
OphioH327chr_4	225000	225000	0.04048747563467964
OphioH327chr_4	275000	275000	0.04346445083386686
OphioH327chr_4	325000	325000	0.02827286001393039
OphioH327chr_4	375000	375000	0.027474325606948045
OphioH327chr_4	425000	425000	0.02653872086469407
OphioH327chr_4	475000	475000	0.029798207135062135
OphioH327chr_4	525000	525000	0.024930442926221794
OphioH327chr_4	575000	575000	0.025294113681135266
OphioH327chr_4	625000	625000	0.03359031404770721
OphioH327chr_4	675000	675000	0.03445444231855793
OphioH327chr_4	725000	725000	0.03805247008622322
OphioH327chr_4	775000	775000	0.03671672591426553
OphioH327chr_4	825000	825000	0.03641969876951152
OphioH327chr_4	875000	875000	0.0333786045016462
OphioH327chr_4	925000	925000	0.031156132470709842
OphioH327chr_4	975000	975000	0.034886870989084766
OphioH327chr_4	1025000	1025000	0.03248749093432306
OphioH327chr_4	1075000	1075000	0.037115225463011145
OphioH327chr_4	1125000	1125000	0.032530699702593646
OphioH327chr_4	1175000	1175000	0.035401340866985695
OphioH327chr_4	1225000	1225000	0.030291778684604687
OphioH327chr_4	1275000	1275000	0.03479513912813529
OphioH327chr_4	1325000	1325000	0.03861258430952784
OphioH327chr_4	1375000	1375000	0.03519771996088809
OphioH327chr_4	1425000	1425000	0.03443456220659956
OphioH327chr_4	1475000	1475000	0.030678418567057067
OphioH327chr_4	1525000	1525000	0.034119102549794035
OphioH327chr_4	1575000	1575000	0.030326257330117935
OphioH327chr_4	1625000	1625000	0.04057736834612027
OphioH327chr_4	1675000	1675000	0.03207320548717629
OphioH327chr_4	1725000	1725000	0.03335868923959749
OphioH327chr_4	1775000	1775000	0.02794811836101601
OphioH327chr_4	1825000	1825000	0.029838461150740257
OphioH327chr_4	1875000	1875000	0.03173776360487524
OphioH327chr_4	1925000	1925000	0.02949126036398992
OphioH327chr_4	1975000	1975000	0.03107090514715099
OphioH327chr_4	2025000	2025000	0.032861818806609454
OphioH327chr_4	2075000	2075000	0.03204521928106832
OphioH327chr_4	2125000	2125000	0.03103921049636748
OphioH327chr_4	2175000	2175000	0.02999398283246592
OphioH327chr_4	2225000	2225000	0.0347674974369552
OphioH327chr_4	2275000	2275000	0.03472087481507732
OphioH327chr_4	2325000	2325000	0.03154872387808306
OphioH327chr_4	2375000	2375000	0.03137586963526417
OphioH327chr_4	2425000	2425000	0.03170804051264315
OphioH327chr_4	2475000	2475000	0.027811971650053443
OphioH327chr_4	2525000	2525000	0.02756847378926906
OphioH327chr_4	2575000	2575000	0.0324757683138594
OphioH327chr_4	2625000	2625000	0.02981010699759061
OphioH327chr_4	2675000	2675000	0.034516482781945294
OphioH327chr_4	2725000	2725000	0.0355201716020061
OphioH327chr_4	2775000	2775000	0.03003336520550411
OphioH327chr_4	2825000	2825000	0.03524947137071515
OphioH327chr_4	2875000	2875000	0.03290183898263032
OphioH327chr_4	2925000	2925000	0.03791902899453289
OphioH327chr_4	2975000	2975000	0.03165179091250099
OphioH327chr_4	3025000	3025000	0.03321785625081048
OphioH327chr_4	3075000	3075000	0.03193331967502458
OphioH327chr_4	3125000	3125000	0.03619800322977476
OphioH327chr_4	3175000	3175000	0.032764751832278324
OphioH327chr_4	3225000	3225000	0.037356704235524514
OphioH327chr_4	3275000	3275000	0.036047366336233476
OphioH327chr_4	3325000	3325000	0.028236131203992394
OphioH327chr_5	25000	25000	0.03880776000528448
OphioH327chr_5	75000	75000	0.03838059479401168
OphioH327chr_5	125000	125000	0.022553906803006524
OphioH327chr_5	175000	175000	0.025838085761650552
OphioH327chr_5	225000	225000	0.025882782540045605
OphioH327chr_5	275000	275000	0.026776628758153734
OphioH327chr_5	325000	325000	0.028810623062603576
OphioH327chr_5	375000	375000	0.02966733392991007
OphioH327chr_5	425000	425000	0.028105366643406324
OphioH327chr_5	475000	475000	0.031051198710839008
OphioH327chr_5	525000	525000	0.02799399251514485
OphioH327chr_5	575000	575000	0.03428781840499163
OphioH327chr_5	625000	625000	0.030230173938145328
OphioH327chr_5	675000	675000	0.03010817549438122
OphioH327chr_5	725000	725000	0.031722493679424174
OphioH327chr_5	775000	775000	0.032235290653951205
OphioH327chr_5	825000	825000	0.035587666318639334
OphioH327chr_5	875000	875000	0.03911065069872518
OphioH327chr_5	925000	925000	0.046906906198593626
OphioH327chr_5	975000	975000	0.0348895578558363
OphioH327chr_5	1025000	1025000	0.03158210068142631
OphioH327chr_5	1075000	1075000	0.03472015865771561
OphioH327chr_5	1125000	1125000	0.02491489626290539
OphioH327chr_5	1175000	1175000	0.032160883391336034
OphioH327chr_5	1225000	1225000	0.031979614368038076
OphioH327chr_5	1275000	1275000	0.02967965268651895
OphioH327chr_5	1325000	1325000	0.030948956534819282
OphioH327chr_5	1375000	1375000	0.03578638494377397
OphioH327chr_5	1425000	1425000	0.035502857468530706
OphioH327chr_5	1475000	1475000	0.030914827849484735
OphioH327chr_5	1525000	1525000	0.03286421881951598
OphioH327chr_5	1575000	1575000	0.03487577705286422
OphioH327chr_5	1625000	1625000	0.03717384266972096
OphioH327chr_5	1675000	1675000	0.03716993250112636
OphioH327chr_5	1775000	1775000	0.01844428177223069
OphioH327chr_5	1825000	1825000	0.031625333672187346
OphioH327chr_5	1875000	1875000	0.028202830822152497
OphioH327chr_5	1925000	1925000	0.031090515024885086
OphioH327chr_5	1975000	1975000	0.03374018901652526
OphioH327chr_5	2025000	2025000	0.033572177880083764
OphioH327chr_5	2075000	2075000	0.034429351626101334
OphioH327chr_5	2125000	2125000	0.036826909739519714
OphioH327chr_5	2175000	2175000	0.03578885057459923
OphioH327chr_5	2225000	2225000	0.03908995123424852
OphioH327chr_5	2275000	2275000	0.03222752048252838
OphioH327chr_5	2325000	2325000	0.030596814504913125
OphioH327chr_5	2375000	2375000	0.03359580079670032
OphioH327chr_5	2425000	2425000	0.03152903696641211
OphioH327chr_5	2475000	2475000	0.031155406402119206
OphioH327chr_5	2525000	2525000	0.02842704075066668
OphioH327chr_5	2575000	2575000	0.03344854529215194
OphioH327chr_5	2625000	2625000	0.03285214755317756
OphioH327chr_5	2675000	2675000	0.03586170136684103
OphioH327chr_5	2725000	2725000	0.03444479233689596
OphioH327chr_5	2775000	2775000	0.03008148546336945
OphioH327chr_6	75000	75000	0.03690808778550737
OphioH327chr_6	125000	125000	0.043066032545487916
OphioH327chr_6	175000	175000	0.034744037646491976
OphioH327chr_6	225000	225000	0.035781767614953996
OphioH327chr_6	275000	275000	0.0388172326633309
OphioH327chr_6	325000	325000	0.03202172067025872
OphioH327chr_6	375000	375000	0.021685300059468803
OphioH327chr_6	425000	425000	0.022649975501326938
OphioH327chr_6	475000	475000	0.03161666598641078
OphioH327chr_6	525000	525000	0.021011195428497793
OphioH327chr_6	575000	575000	0.02712759532893256
OphioH327chr_6	625000	625000	0.03283783260248486
OphioH327chr_6	675000	675000	0.03447677441219938
OphioH327chr_6	725000	725000	0.0302809127211601
OphioH327chr_6	775000	775000	0.030640127902544168
OphioH327chr_6	825000	825000	0.029260798159489364
OphioH327chr_6	875000	875000	0.036317941673886585
OphioH327chr_6	925000	925000	0.037502581822938384
OphioH327chr_6	975000	975000	0.03133787795941065
OphioH327chr_6	1025000	1025000	0.029511433001157054
OphioH327chr_6	1075000	1075000	0.02984788860781052
OphioH327chr_6	1125000	1125000	0.032490230824296716
OphioH327chr_6	1175000	1175000	0.03170155730379415
OphioH327chr_6	1225000	1225000	0.03515786645558242
OphioH327chr_6	1275000	1275000	0.033241757682139064
OphioH327chr_6	1325000	1325000	0.035497088784461985
OphioH327chr_6	1375000	1375000	0.028858681819919182
OphioH327chr_6	1425000	1425000	0.036161447180914436
OphioH327chr_6	1475000	1475000	0.03576329968030342
OphioH327chr_6	1525000	1525000	0.029551330345059437
OphioH327chr_6	1575000	1575000	0.030095279555137067
OphioH327chr_6	1625000	1625000	0.035401778378717524
OphioH327chr_6	1675000	1675000	0.03943984950117372
OphioH327chr_6	1725000	1725000	0.0347000507914213
OphioH327chr_6	1775000	1775000	0.037580130900142915
OphioH327chr_6	1825000	1825000	0.0375190864192657
OphioH327chr_6	1875000	1875000	0.04183645784792788
OphioH327chr_6	1925000	1925000	0.03981891013765857
OphioH327chr_6	1975000	1975000	0.03364075361871697
OphioH327chr_6	2025000	2025000	0.0378168625247444
OphioH327chr_6	2075000	2075000	0.03301126285665698
OphioH327chr_6	2125000	2125000	0.030027966220975023
OphioH327chr_6	2175000	2175000	0.02536068311262507
OphioH327chr_6	2225000	2225000	0.0344108503907052
OphioH327chr_6	2275000	2275000	0.030357177518297272
OphioH327chr_6	2325000	2325000	0.03717163217038379
OphioH327chr_6	2375000	2375000	0.03531625389357111
OphioH327chr_6	2425000	2425000	0.0305367395762177
OphioH327chr_6	2475000	2475000	0.029295430220323337
OphioH327chr_6	2525000	2525000	0.032944237038438816
OphioH327chr_6	2575000	2575000	0.03602769679825511
OphioH327chr_6	2625000	2625000	0.03305555307014659
OphioH327chr_6	2675000	2675000	0.03756886312717512
OphioH327chr_6	2725000	2725000	0.03467102918541375
OphioH327chr_7	75000	75000	0.03514597694362052
OphioH327chr_7	125000	125000	0.035517492592244945
OphioH327chr_7	175000	175000	0.030780059787272655
OphioH327chr_7	225000	225000	0.03572511869846639
OphioH327chr_7	275000	275000	0.042753832333367686
OphioH327chr_7	325000	325000	0.04343196863173235
OphioH327chr_7	375000	375000	0.03634957504511951
OphioH327chr_7	425000	425000	0.034688527643173615
OphioH327chr_7	475000	475000	0.028987753081474478
OphioH327chr_7	525000	525000	0.02856988285919769
OphioH327chr_7	575000	575000	0.03196113730283432
OphioH327chr_7	625000	625000	0.03860949036857668
OphioH327chr_7	675000	675000	0.03665056420251596
OphioH327chr_7	725000	725000	0.03180614703764838
OphioH327chr_7	775000	775000	0.034933298801235656
OphioH327chr_7	825000	825000	0.033584695730830366
OphioH327chr_7	875000	875000	0.03400831933417799
OphioH327chr_7	925000	925000	0.035588507126927155
OphioH327chr_7	975000	975000	0.03130084745205585
OphioH327chr_7	1025000	1025000	0.032782415467332446
OphioH327chr_7	1075000	1075000	0.030879933572390772
OphioH327chr_7	1125000	1125000	0.027946442720616287
OphioH327chr_7	1175000	1175000	0.03159641836790237
OphioH327chr_7	1225000	1225000	0.03099398469205695
OphioH327chr_7	1275000	1275000	0.028397111637051362
OphioH327chr_7	1325000	1325000	0.03381511712797016
OphioH327chr_7	1375000	1375000	0.027517188724839475
OphioH327chr_7	1425000	1425000	0.030964707886630593
OphioH327chr_7	1475000	1475000	0.030723283698291307
OphioH327chr_7	1525000	1525000	0.03227409509202088
OphioH327chr_7	1575000	1575000	0.03486080878251892
OphioH327chr_7	1625000	1625000	0.03480774486063939
OphioH327chr_7	1675000	1675000	0.040462549854111636
OphioH327chr_7	1725000	1725000	0.029533992719784057
OphioH327chr_7	1775000	1775000	0.036291309834005574
OphioH327chr_7	1825000	1825000	0.03669344038941528
OphioH327chr_7	1875000	1875000	0.03383936208665119
OphioH327chr_7	1925000	1925000	0.03734745646819377
OphioH327chr_7	1975000	1975000	0.034794290496613194
OphioH327chr_7	2025000	2025000	0.03126566922142903
OphioH327chr_7	2075000	2075000	0.03287375940097607
OphioH327chr_7	2125000	2125000	0.034125355327321055
OphioH327chr_7	2175000	2175000	0.029433699099803833
OphioH327chr_7	2275000	2275000	0.02341464397520389
OphioH327chr_7	2325000	2325000	0.03220282626557933
OphioH327chr_7	2375000	2375000	0.0319755992817176
OphioH327chr_7	2425000	2425000	0.027433700057940522
OphioH327chr_7	2475000	2475000	0.027987568748788823
OphioH327chr_7	2525000	2525000	0.031844770715874826
OphioH327chr_7	2575000	2575000	0.02937904356156684
OphioH327chr_7	2625000	2625000	0.028023203617331655
OphioH327chr_7	2675000	2675000	0.028073559519400687
OphioH327chr_7	2725000	2725000	0.029921645294483237
OphioH327chr_8	75000	75000	0.03991580405008582
OphioH327chr_8	125000	125000	0.03655233604279665
OphioH327chr_8	175000	175000	0.03344213313294806
OphioH327chr_8	225000	225000	0.03534493828855321
OphioH327chr_8	275000	275000	0.03966899277485281
OphioH327chr_8	325000	325000	0.040175326910175654
OphioH327chr_8	375000	375000	0.02898210613859499
OphioH327chr_8	425000	425000	0.027393435122931003
OphioH327chr_8	575000	575000	0.030674060392843667
OphioH327chr_8	625000	625000	0.028251810378008325
OphioH327chr_8	675000	675000	0.030319048428131715
OphioH327chr_8	725000	725000	0.035155114670439455
OphioH327chr_8	775000	775000	0.033323472325547054
OphioH327chr_8	825000	825000	0.032264764684187805
OphioH327chr_8	875000	875000	0.032709139668583846
OphioH327chr_8	925000	925000	0.033027880954297
OphioH327chr_8	975000	975000	0.03640206034045026
OphioH327chr_8	1025000	1025000	0.03138898917868738
OphioH327chr_8	1075000	1075000	0.03176549424812978
OphioH327chr_8	1125000	1125000	0.03200429291878853
OphioH327chr_8	1175000	1175000	0.03343110065584111
OphioH327chr_8	1225000	1225000	0.029761520703972803
OphioH327chr_8	1275000	1275000	0.03242006707699105
OphioH327chr_8	1325000	1325000	0.02913149231359663
OphioH327chr_8	1375000	1375000	0.03140052310353221
OphioH327chr_8	1425000	1425000	0.0313586202968877
OphioH327chr_8	1475000	1475000	0.03169163638687572
OphioH327chr_8	1575000	1575000	0.03319249243898258
OphioH327chr_8	1625000	1625000	0.03580932884156265
OphioH327chr_8	1675000	1675000	0.03582276164732866
OphioH327chr_8	1725000	1725000	0.031115861731018577
OphioH327chr_8	1775000	1775000	0.032809897001526964
OphioH327chr_8	1825000	1825000	0.03261765467957143
OphioH327chr_8	1875000	1875000	0.031238392590293818
OphioH327chr_8	1925000	1925000	0.030443759697483842
OphioH327chr_8	1975000	1975000	0.024563815770530597
OphioH327chr_8	2025000	2025000	0.017690446641995573
OphioH327chr_8	2075000	2075000	0.028602190595187843
OphioH327chr_8	2125000	2125000	0.027855557309392265
OphioH327chr_8	2175000	2175000	0.025815673720375035
OphioH327chr_8	2225000	2225000	0.0169986423499492
OphioH327chr_8	2275000	2275000	0.034279503423464766
OphioH327chr_8	2325000	2325000	0.03851048523771492
OphioH327chr_8	2375000	2375000	0.03587262120535466
OphioH327chr_8	2425000	2425000	0.04625639666956129
OphioH327chr_8	2475000	2475000	0.035474530727747346
