OphioH327chr_1	75000	75000	-0.969095
OphioH327chr_1	125000	125000	-0.025449
OphioH327chr_1	175000	175000	-0.13556300000000002
OphioH327chr_1	225000	225000	0.9490200000000001
OphioH327chr_1	275000	275000	-0.24735300000000002
OphioH327chr_1	325000	325000	-0.557723
OphioH327chr_1	375000	375000	0.596712
OphioH327chr_1	425000	425000	1.043049
OphioH327chr_1	475000	475000	1.7787970000000002
OphioH327chr_1	525000	525000	0.498906
OphioH327chr_1	575000	575000	0.43547399999999997
OphioH327chr_1	625000	625000	0.419918
OphioH327chr_1	675000	675000	0.765748
OphioH327chr_1	725000	725000	0.590787
OphioH327chr_1	775000	775000	0.7267560000000001
OphioH327chr_1	825000	825000	0.503586
OphioH327chr_1	875000	875000	0.205798
OphioH327chr_1	925000	925000	0.481235
OphioH327chr_1	975000	975000	0.634067
OphioH327chr_1	1025000	1025000	0.369927
OphioH327chr_1	1075000	1075000	0.5615
OphioH327chr_1	1125000	1125000	0.363385
OphioH327chr_1	1175000	1175000	0.953305
OphioH327chr_1	1225000	1225000	0.692787
OphioH327chr_1	1275000	1275000	-0.136437
OphioH327chr_1	1325000	1325000	-0.162576
OphioH327chr_1	1375000	1375000	-0.012436
OphioH327chr_1	1425000	1425000	-0.058836
OphioH327chr_1	1475000	1475000	-0.21631199999999998
OphioH327chr_1	1525000	1525000	-0.530265
OphioH327chr_1	1575000	1575000	-0.484986
OphioH327chr_1	1625000	1625000	-0.45470600000000005
OphioH327chr_1	1675000	1675000	-0.657863
OphioH327chr_1	1725000	1725000	-0.515468
OphioH327chr_1	1775000	1775000	-0.635356
OphioH327chr_1	1825000	1825000	-0.438413
OphioH327chr_1	1875000	1875000	-0.746279
OphioH327chr_1	1925000	1925000	-0.561021
OphioH327chr_1	1975000	1975000	-0.742209
OphioH327chr_1	2025000	2025000	-0.902233
OphioH327chr_1	2075000	2075000	-0.6229939999999999
OphioH327chr_1	2125000	2125000	-0.719406
OphioH327chr_1	2175000	2175000	-0.741799
OphioH327chr_1	2225000	2225000	-0.9080030000000001
OphioH327chr_1	2275000	2275000	-0.982248
OphioH327chr_1	2325000	2325000	-0.835082
OphioH327chr_1	2375000	2375000	-0.503479
OphioH327chr_1	2425000	2425000	-1.0729950000000001
OphioH327chr_1	2475000	2475000	-0.8039270000000001
OphioH327chr_1	2525000	2525000	-0.686697
OphioH327chr_1	2575000	2575000	-0.909761
OphioH327chr_1	2625000	2625000	-0.848555
OphioH327chr_1	2675000	2675000	-0.905924
OphioH327chr_1	2725000	2725000	-1.2665870000000001
OphioH327chr_1	2775000	2775000	-1.031554
OphioH327chr_1	2825000	2825000	-1.178401
OphioH327chr_1	2875000	2875000	-0.9827610000000001
OphioH327chr_1	2925000	2925000	-0.735029
OphioH327chr_1	2975000	2975000	-1.226501
OphioH327chr_1	3025000	3025000	-0.755781
OphioH327chr_1	3075000	3075000	-1.0747959999999999
OphioH327chr_1	3125000	3125000	-1.191562
OphioH327chr_1	3175000	3175000	-1.0078479999999999
OphioH327chr_1	3225000	3225000	-0.925211
OphioH327chr_1	3275000	3275000	-0.7426149999999999
OphioH327chr_1	3325000	3325000	-0.931276
OphioH327chr_1	3375000	3375000	-0.5621229999999999
OphioH327chr_1	3425000	3425000	-0.8471709999999999
OphioH327chr_1	3475000	3475000	-0.720003
OphioH327chr_1	3525000	3525000	-0.8893719999999999
OphioH327chr_1	3575000	3575000	-1.070217
OphioH327chr_1	3625000	3625000	-1.058249
OphioH327chr_1	3675000	3675000	-0.8351370000000001
OphioH327chr_1	3725000	3725000	-0.7964859999999999
OphioH327chr_1	3775000	3775000	-0.9044120000000001
OphioH327chr_1	3825000	3825000	-0.877743
OphioH327chr_1	3875000	3875000	-0.658027
OphioH327chr_1	3925000	3925000	-0.8849809999999999
OphioH327chr_1	3975000	3975000	-1.080892
OphioH327chr_1	4025000	4025000	-1.217835
OphioH327chr_1	4075000	4075000	-0.809664
OphioH327chr_1	4125000	4125000	-0.8833790000000001
OphioH327chr_1	4175000	4175000	-1.147476
OphioH327chr_1	4225000	4225000	-0.8128920000000001
OphioH327chr_1	4275000	4275000	-0.616717
OphioH327chr_1	4325000	4325000	-0.712114
OphioH327chr_1	4375000	4375000	-0.7489060000000001
OphioH327chr_1	4425000	4425000	-0.30818
OphioH327chr_1	4475000	4475000	-0.711436
OphioH327chr_1	4525000	4525000	-0.37505700000000003
OphioH327chr_1	4575000	4575000	-0.619767
OphioH327chr_1	4625000	4625000	-0.68366
OphioH327chr_1	4675000	4675000	-0.235922
OphioH327chr_1	4725000	4725000	-0.674445
OphioH327chr_1	4775000	4775000	-0.643299
OphioH327chr_1	4825000	4825000	-0.637369
OphioH327chr_1	4875000	4875000	-0.796635
OphioH327chr_1	4925000	4925000	-1.0992389999999999
OphioH327chr_1	4975000	4975000	-0.9384620000000001
OphioH327chr_1	5025000	5025000	-0.78352
OphioH327chr_1	5075000	5075000	-0.890164
OphioH327chr_1	5125000	5125000	-0.391432
OphioH327chr_1	5175000	5175000	-0.593003
OphioH327chr_1	5225000	5225000	-0.43215699999999996
OphioH327chr_1	5275000	5275000	-0.5481739999999999
OphioH327chr_1	5325000	5325000	-0.5871270000000001
OphioH327chr_1	5375000	5375000	-0.628206
OphioH327chr_1	5425000	5425000	-0.43044499999999997
OphioH327chr_1	5475000	5475000	-0.8667299999999999
OphioH327chr_1	5525000	5525000	-0.833102
OphioH327chr_1	5575000	5575000	-0.683882
OphioH327chr_1	5625000	5625000	-1.0210190000000001
OphioH327chr_1	5675000	5675000	-0.297765
OphioH327chr_1	5725000	5725000	-0.217171
OphioH327chr_1	5775000	5775000	-0.729093
OphioH327chr_1	5825000	5825000	-0.8860530000000001
OphioH327chr_1	5875000	5875000	-1.281932
OphioH327chr_1	5925000	5925000	-1.182236
OphioH327chr_1	5975000	5975000	-1.185242
OphioH327chr_1	6025000	6025000	-1.287756
OphioH327chr_1	6075000	6075000	-1.206477
OphioH327chr_1	6125000	6125000	-1.283952
OphioH327chr_1	6175000	6175000	-1.102532
OphioH327chr_1	6225000	6225000	-1.3809209999999998
OphioH327chr_1	6275000	6275000	-1.287981
OphioH327chr_1	6325000	6325000	-1.052881
OphioH327chr_1	6375000	6375000	-0.637988
OphioH327chr_1	6425000	6425000	-0.690083
OphioH327chr_1	6475000	6475000	-0.63684
OphioH327chr_1	6525000	6525000	-0.797257
OphioH327chr_1	6575000	6575000	-0.815968
OphioH327chr_1	6625000	6625000	-0.8816729999999999
OphioH327chr_1	6675000	6675000	-0.618779
OphioH327chr_1	6725000	6725000	-0.703924
OphioH327chr_1	6775000	6775000	-0.6573479999999999
OphioH327chr_1	6825000	6825000	-0.427767
OphioH327chr_1	6875000	6875000	-0.9598959999999999
OphioH327chr_2	75000	75000	-0.839835
OphioH327chr_2	125000	125000	-0.390386
OphioH327chr_2	175000	175000	-0.790917
OphioH327chr_2	225000	225000	-0.643983
OphioH327chr_2	275000	275000	-0.7120529999999999
OphioH327chr_2	325000	325000	-0.725159
OphioH327chr_2	375000	375000	-0.7074050000000001
OphioH327chr_2	425000	425000	-0.46030699999999997
OphioH327chr_2	475000	475000	-0.236396
OphioH327chr_2	525000	525000	0.169561
OphioH327chr_2	575000	575000	0.10393800000000002
OphioH327chr_2	625000	625000	0.25453200000000004
OphioH327chr_2	675000	675000	0.166657
OphioH327chr_2	725000	725000	0.12140999999999999
OphioH327chr_2	775000	775000	0.101703
OphioH327chr_2	825000	825000	0.051832
OphioH327chr_2	875000	875000	0.261065
OphioH327chr_2	925000	925000	0.500699
OphioH327chr_2	975000	975000	0.280316
OphioH327chr_2	1025000	1025000	0.098232
OphioH327chr_2	1125000	1125000	-0.06783
OphioH327chr_2	1175000	1175000	0.056264999999999996
OphioH327chr_2	1225000	1225000	0.165508
OphioH327chr_2	1275000	1275000	-0.317894
OphioH327chr_2	1325000	1325000	-0.689253
OphioH327chr_2	1375000	1375000	-0.490475
OphioH327chr_2	1425000	1425000	-0.228829
OphioH327chr_2	1475000	1475000	-0.240833
OphioH327chr_2	1525000	1525000	-0.754406
OphioH327chr_2	1575000	1575000	-0.9058719999999999
OphioH327chr_2	1625000	1625000	-0.5800029999999999
OphioH327chr_2	1675000	1675000	-1.0271370000000002
OphioH327chr_2	1725000	1725000	-0.727517
OphioH327chr_2	1775000	1775000	-1.133139
OphioH327chr_2	1825000	1825000	-1.203414
OphioH327chr_2	1875000	1875000	-0.555217
OphioH327chr_2	1925000	1925000	-0.873771
OphioH327chr_2	1975000	1975000	-0.824817
OphioH327chr_2	2025000	2025000	-1.052173
OphioH327chr_2	2075000	2075000	-0.84614
OphioH327chr_2	2125000	2125000	-0.42535100000000003
OphioH327chr_2	2175000	2175000	0.374008
OphioH327chr_2	2225000	2225000	-0.715123
OphioH327chr_2	2275000	2275000	-0.406856
OphioH327chr_2	2325000	2325000	-0.671647
OphioH327chr_2	2375000	2375000	-0.727596
OphioH327chr_2	2425000	2425000	-0.263238
OphioH327chr_2	2475000	2475000	-0.696537
OphioH327chr_2	2525000	2525000	-0.8348190000000001
OphioH327chr_2	2575000	2575000	-0.8684950000000001
OphioH327chr_2	2625000	2625000	-0.795133
OphioH327chr_2	2675000	2675000	-0.873743
OphioH327chr_2	2725000	2725000	-0.8879959999999999
OphioH327chr_2	2775000	2775000	-0.556718
OphioH327chr_2	2825000	2825000	-0.746992
OphioH327chr_2	2875000	2875000	-0.492487
OphioH327chr_2	2925000	2925000	-0.754514
OphioH327chr_2	2975000	2975000	-0.279914
OphioH327chr_2	3025000	3025000	-0.169019
OphioH327chr_2	3075000	3075000	-0.554962
OphioH327chr_2	3125000	3125000	-0.533499
OphioH327chr_2	3175000	3175000	-0.696658
OphioH327chr_2	3225000	3225000	-0.591985
OphioH327chr_2	3275000	3275000	-0.306675
OphioH327chr_2	3325000	3325000	-0.14210799999999998
OphioH327chr_2	3375000	3375000	-0.369992
OphioH327chr_2	3425000	3425000	-0.333124
OphioH327chr_2	3475000	3475000	-0.344658
OphioH327chr_2	3525000	3525000	-0.779354
OphioH327chr_2	3575000	3575000	-0.538697
OphioH327chr_2	3625000	3625000	-1.005317
OphioH327chr_2	3675000	3675000	-0.5065890000000001
OphioH327chr_2	3725000	3725000	-0.7731640000000001
OphioH327chr_2	3825000	3825000	-0.69413
OphioH327chr_2	3875000	3875000	-0.409586
OphioH327chr_2	3925000	3925000	0.137373
OphioH327chr_2	3975000	3975000	-0.56187
OphioH327chr_2	4025000	4025000	-0.09581
OphioH327chr_2	4075000	4075000	0.27956
OphioH327chr_2	4125000	4125000	-0.171076
OphioH327chr_2	4175000	4175000	-0.764479
OphioH327chr_2	4225000	4225000	-0.372808
OphioH327chr_2	4275000	4275000	-0.849525
OphioH327chr_2	4325000	4325000	0.098866
OphioH327chr_2	4375000	4375000	-0.297867
OphioH327chr_2	4425000	4425000	-0.40177399999999996
OphioH327chr_2	4475000	4475000	0.025067
OphioH327chr_2	4525000	4525000	-0.011472
OphioH327chr_2	4575000	4575000	-0.045433999999999995
OphioH327chr_2	4625000	4625000	-0.333109
OphioH327chr_2	4675000	4675000	0.677774
OphioH327chr_2	4725000	4725000	0.224548
OphioH327chr_2	4775000	4775000	-0.301383
OphioH327chr_2	4825000	4825000	0.25206799999999996
OphioH327chr_2	4875000	4875000	-0.6066779999999999
OphioH327chr_2	4925000	4925000	-0.043648
OphioH327chr_2	4975000	4975000	-0.433411
OphioH327chr_2	5025000	5025000	-0.5039
OphioH327chr_2	5075000	5075000	0.031570999999999995
OphioH327chr_2	5125000	5125000	0.15608
OphioH327chr_2	5175000	5175000	-0.42601999999999995
OphioH327chr_2	5225000	5225000	-0.617765
OphioH327chr_2	5275000	5275000	-0.6542020000000001
OphioH327chr_2	5325000	5325000	-0.15698099999999998
OphioH327chr_2	5375000	5375000	2.335339
OphioH327chr_2	5425000	5425000	2.481925
OphioH327chr_2	5475000	5475000	0.891706
OphioH327chr_2	5525000	5525000	2.251194
OphioH327chr_2	5575000	5575000	2.644239
OphioH327chr_2	5625000	5625000	1.747254
OphioH327chr_2	5675000	5675000	-0.303291
OphioH327chr_2	5725000	5725000	0.339592
OphioH327chr_2	5775000	5775000	-0.369919
OphioH327chr_2	5825000	5825000	0.553871
OphioH327chr_2	5875000	5875000	2.581545
OphioH327chr_2	5925000	5925000	-0.194026
OphioH327chr_2	6025000	6025000	0.050081
OphioH327chr_2	6075000	6075000	0.003189
OphioH327chr_2	6125000	6125000	0.526103
OphioH327chr_2	6175000	6175000	0.154962
OphioH327chr_2	6225000	6225000	0.489562
OphioH327chr_2	6275000	6275000	0.220234
OphioH327chr_2	6325000	6325000	0.159175
OphioH327chr_2	6375000	6375000	0.797289
OphioH327chr_2	6425000	6425000	0.725517
OphioH327chr_2	6475000	6475000	0.078801
OphioH327chr_2	6525000	6525000	0.34816199999999997
OphioH327chr_2	6575000	6575000	0.5698270000000001
OphioH327chr_2	6625000	6625000	0.673454
OphioH327chr_2	6675000	6675000	0.030069
OphioH327chr_2	6725000	6725000	0.041807
OphioH327chr_3	75000	75000	-1.159722
OphioH327chr_3	125000	125000	-0.8826350000000001
OphioH327chr_3	175000	175000	-0.866151
OphioH327chr_3	225000	225000	-0.8460559999999999
OphioH327chr_3	275000	275000	-0.884749
OphioH327chr_3	325000	325000	-0.930056
OphioH327chr_3	375000	375000	-1.1514309999999999
OphioH327chr_3	425000	425000	-0.820307
OphioH327chr_3	475000	475000	-0.642818
OphioH327chr_3	525000	525000	0.096972
OphioH327chr_3	575000	575000	0.12228
OphioH327chr_3	625000	625000	0.44366400000000006
OphioH327chr_3	675000	675000	0.065535
OphioH327chr_3	725000	725000	0.6443300000000001
OphioH327chr_3	775000	775000	0.178323
OphioH327chr_3	825000	825000	0.583133
OphioH327chr_3	875000	875000	0.29735300000000003
OphioH327chr_3	925000	925000	0.719147
OphioH327chr_3	975000	975000	-0.29266
OphioH327chr_3	1025000	1025000	0.302714
OphioH327chr_3	1075000	1075000	-0.242854
OphioH327chr_3	1125000	1125000	0.06717200000000001
OphioH327chr_3	1175000	1175000	-0.185168
OphioH327chr_3	1275000	1275000	-0.490907
OphioH327chr_3	1325000	1325000	-0.5931810000000001
OphioH327chr_3	1375000	1375000	-0.097816
OphioH327chr_3	1425000	1425000	-1.26745
OphioH327chr_3	1475000	1475000	-0.8934709999999999
OphioH327chr_3	1525000	1525000	-0.804967
OphioH327chr_3	1575000	1575000	-0.9604239999999999
OphioH327chr_3	1625000	1625000	-0.9307219999999999
OphioH327chr_3	1675000	1675000	-0.8684950000000001
OphioH327chr_3	1725000	1725000	-0.850741
OphioH327chr_3	1775000	1775000	-0.9348620000000001
OphioH327chr_3	1825000	1825000	-0.94906
OphioH327chr_3	1875000	1875000	-1.173192
OphioH327chr_3	1925000	1925000	-0.8706879999999999
OphioH327chr_3	1975000	1975000	-0.728074
OphioH327chr_3	2025000	2025000	-0.574028
OphioH327chr_3	2075000	2075000	-0.616538
OphioH327chr_3	2125000	2125000	-1.1047639999999999
OphioH327chr_3	2175000	2175000	-1.315223
OphioH327chr_3	2225000	2225000	-0.875337
OphioH327chr_3	2275000	2275000	-1.275872
OphioH327chr_3	2325000	2325000	-1.094342
OphioH327chr_3	2375000	2375000	-1.3482399999999999
OphioH327chr_3	2425000	2425000	-0.774257
OphioH327chr_3	2475000	2475000	-1.009147
OphioH327chr_3	2525000	2525000	-1.255351
OphioH327chr_3	2575000	2575000	-1.099159
OphioH327chr_3	2625000	2625000	-1.282997
OphioH327chr_3	2675000	2675000	-1.448741
OphioH327chr_3	2725000	2725000	-1.0694270000000001
OphioH327chr_3	2775000	2775000	-1.231314
OphioH327chr_3	2825000	2825000	-0.906065
OphioH327chr_3	2875000	2875000	-0.959915
OphioH327chr_3	2925000	2925000	-1.2738399999999999
OphioH327chr_3	2975000	2975000	-1.167592
OphioH327chr_3	3025000	3025000	-0.9473729999999999
OphioH327chr_3	3075000	3075000	-1.325212
OphioH327chr_3	3125000	3125000	-1.2032100000000001
OphioH327chr_3	3175000	3175000	-0.24339899999999998
OphioH327chr_3	3225000	3225000	-0.401287
OphioH327chr_3	3275000	3275000	-0.227196
OphioH327chr_3	3325000	3325000	-1.1682649999999999
OphioH327chr_3	3375000	3375000	-0.827015
OphioH327chr_3	3425000	3425000	-0.782894
OphioH327chr_3	3475000	3475000	-0.199046
OphioH327chr_3	3525000	3525000	-0.009676
OphioH327chr_3	3575000	3575000	-0.394899
OphioH327chr_4	75000	75000	-0.21081399999999997
OphioH327chr_4	125000	125000	-0.3323
OphioH327chr_4	175000	175000	-0.032344
OphioH327chr_4	225000	225000	0.307302
OphioH327chr_4	275000	275000	0.0593
OphioH327chr_4	325000	325000	1.498094
OphioH327chr_4	375000	375000	1.01176
OphioH327chr_4	425000	425000	0.68132
OphioH327chr_4	475000	475000	0.669903
OphioH327chr_4	525000	525000	0.7979350000000001
OphioH327chr_4	575000	575000	0.434296
OphioH327chr_4	625000	625000	0.8096300000000001
OphioH327chr_4	675000	675000	0.567103
OphioH327chr_4	725000	725000	0.384778
OphioH327chr_4	775000	775000	0.157872
OphioH327chr_4	825000	825000	-0.029296
OphioH327chr_4	875000	875000	-0.146015
OphioH327chr_4	925000	925000	-0.658317
OphioH327chr_4	975000	975000	-0.76577
OphioH327chr_4	1025000	1025000	-0.12341600000000001
OphioH327chr_4	1075000	1075000	0.030253
OphioH327chr_4	1125000	1125000	-0.211698
OphioH327chr_4	1175000	1175000	0.651443
OphioH327chr_4	1225000	1225000	0.325152
OphioH327chr_4	1275000	1275000	0.516876
OphioH327chr_4	1325000	1325000	0.553492
OphioH327chr_4	1375000	1375000	0.728395
OphioH327chr_4	1425000	1425000	0.21466799999999997
OphioH327chr_4	1475000	1475000	0.054787999999999996
OphioH327chr_4	1525000	1525000	-0.24361100000000002
OphioH327chr_4	1575000	1575000	-0.399633
OphioH327chr_4	1625000	1625000	-0.632845
OphioH327chr_4	1675000	1675000	-0.105496
OphioH327chr_4	1725000	1725000	0.302252
OphioH327chr_4	1775000	1775000	0.058170000000000006
OphioH327chr_4	1825000	1825000	-0.581577
OphioH327chr_4	1875000	1875000	-0.370712
OphioH327chr_4	1925000	1925000	-0.631879
OphioH327chr_4	1975000	1975000	-0.989361
OphioH327chr_4	2025000	2025000	-0.993079
OphioH327chr_4	2075000	2075000	-0.861044
OphioH327chr_4	2125000	2125000	-1.034062
OphioH327chr_4	2175000	2175000	-0.589226
OphioH327chr_4	2225000	2225000	-0.896486
OphioH327chr_4	2275000	2275000	-0.8640959999999999
OphioH327chr_4	2325000	2325000	-0.731891
OphioH327chr_4	2375000	2375000	-0.382949
OphioH327chr_4	2425000	2425000	-0.258997
OphioH327chr_4	2475000	2475000	-0.9354020000000001
OphioH327chr_4	2525000	2525000	-1.73649
OphioH327chr_4	2575000	2575000	-0.836181
OphioH327chr_4	2625000	2625000	-0.690864
OphioH327chr_4	2675000	2675000	-0.8674729999999999
OphioH327chr_4	2725000	2725000	-0.828583
OphioH327chr_4	2775000	2775000	-1.380221
OphioH327chr_4	2825000	2825000	-1.444544
OphioH327chr_4	2875000	2875000	-1.293841
OphioH327chr_4	2925000	2925000	-1.1499709999999999
OphioH327chr_4	2975000	2975000	-1.02221
OphioH327chr_4	3025000	3025000	-0.9628110000000001
OphioH327chr_4	3075000	3075000	-1.154233
OphioH327chr_4	3125000	3125000	-0.821083
OphioH327chr_4	3175000	3175000	-0.800866
OphioH327chr_4	3225000	3225000	-0.8859379999999999
OphioH327chr_4	3275000	3275000	-0.9034559999999999
OphioH327chr_4	3325000	3325000	-0.938193
OphioH327chr_5	75000	75000	0.773404
OphioH327chr_5	125000	125000	2.331159
OphioH327chr_5	175000	175000	1.307058
OphioH327chr_5	225000	225000	0.614454
OphioH327chr_5	275000	275000	0.778083
OphioH327chr_5	325000	325000	0.263671
OphioH327chr_5	375000	375000	0.077295
OphioH327chr_5	425000	425000	0.061212
OphioH327chr_5	475000	475000	0.271767
OphioH327chr_5	525000	525000	0.178484
OphioH327chr_5	575000	575000	0.259751
OphioH327chr_5	625000	625000	0.5107659999999999
OphioH327chr_5	675000	675000	0.863499
OphioH327chr_5	725000	725000	0.354068
OphioH327chr_5	775000	775000	1.0143389999999999
OphioH327chr_5	825000	825000	-0.0027129999999999997
OphioH327chr_5	875000	875000	0.036552999999999995
OphioH327chr_5	925000	925000	-0.322808
OphioH327chr_5	975000	975000	0.432542
OphioH327chr_5	1025000	1025000	0.24846999999999997
OphioH327chr_5	1075000	1075000	-0.09628300000000001
OphioH327chr_5	1125000	1125000	1.242442
OphioH327chr_5	1175000	1175000	0.02393
OphioH327chr_5	1225000	1225000	-0.270993
OphioH327chr_5	1275000	1275000	-0.0048119999999999994
OphioH327chr_5	1325000	1325000	0.025428
OphioH327chr_5	1375000	1375000	0.49356099999999997
OphioH327chr_5	1425000	1425000	0.381823
OphioH327chr_5	1475000	1475000	0.43266400000000005
OphioH327chr_5	1525000	1525000	0.9885219999999999
OphioH327chr_5	1575000	1575000	-0.129825
OphioH327chr_5	1625000	1625000	0.391208
OphioH327chr_5	1675000	1675000	0.659392
OphioH327chr_5	1775000	1775000	1.6144120000000002
OphioH327chr_5	1825000	1825000	-0.25655300000000003
OphioH327chr_5	1875000	1875000	-0.227987
OphioH327chr_5	1925000	1925000	0.115495
OphioH327chr_5	1975000	1975000	-0.124456
OphioH327chr_5	2025000	2025000	-0.526461
OphioH327chr_5	2075000	2075000	0.426571
OphioH327chr_5	2125000	2125000	0.537505
OphioH327chr_5	2175000	2175000	0.276976
OphioH327chr_5	2225000	2225000	-0.355898
OphioH327chr_5	2275000	2275000	-0.640854
OphioH327chr_5	2325000	2325000	-0.568998
OphioH327chr_5	2375000	2375000	0.647275
OphioH327chr_5	2425000	2425000	0.265858
OphioH327chr_5	2475000	2475000	0.8341129999999999
OphioH327chr_5	2525000	2525000	0.5828899999999999
OphioH327chr_5	2575000	2575000	0.158943
OphioH327chr_5	2625000	2625000	-0.42991999999999997
OphioH327chr_5	2675000	2675000	-0.34757
OphioH327chr_5	2725000	2725000	-0.603187
OphioH327chr_5	2775000	2775000	-0.643206
OphioH327chr_6	75000	75000	-0.424208
OphioH327chr_6	125000	125000	-0.816017
OphioH327chr_6	175000	175000	-0.499396
OphioH327chr_6	225000	225000	-0.092849
OphioH327chr_6	275000	275000	-0.498943
OphioH327chr_6	325000	325000	-0.039051
OphioH327chr_6	375000	375000	1.5216370000000001
OphioH327chr_6	425000	425000	1.040203
OphioH327chr_6	475000	475000	0.388208
OphioH327chr_6	525000	525000	2.1836830000000003
OphioH327chr_6	575000	575000	1.422779
OphioH327chr_6	625000	625000	1.11057
OphioH327chr_6	675000	675000	0.593453
OphioH327chr_6	725000	725000	0.772807
OphioH327chr_6	775000	775000	0.542162
OphioH327chr_6	825000	825000	0.38924699999999995
OphioH327chr_6	875000	875000	-0.545402
OphioH327chr_6	925000	925000	-0.5370020000000001
OphioH327chr_6	975000	975000	-0.233765
OphioH327chr_6	1025000	1025000	-0.8985559999999999
OphioH327chr_6	1075000	1075000	-0.729156
OphioH327chr_6	1125000	1125000	-0.930135
OphioH327chr_6	1175000	1175000	-0.862158
OphioH327chr_6	1225000	1225000	-1.103425
OphioH327chr_6	1275000	1275000	-0.27991900000000003
OphioH327chr_6	1325000	1325000	-0.245723
OphioH327chr_6	1375000	1375000	-0.231942
OphioH327chr_6	1425000	1425000	-0.015943000000000002
OphioH327chr_6	1475000	1475000	-0.136139
OphioH327chr_6	1525000	1525000	-0.331083
OphioH327chr_6	1575000	1575000	0.686326
OphioH327chr_6	1625000	1625000	0.194222
OphioH327chr_6	1675000	1675000	-0.409947
OphioH327chr_6	1725000	1725000	-0.109421
OphioH327chr_6	1775000	1775000	0.428285
OphioH327chr_6	1825000	1825000	0.283538
OphioH327chr_6	1875000	1875000	0.24211999999999997
OphioH327chr_6	1925000	1925000	0.503426
OphioH327chr_6	1975000	1975000	0.45088
OphioH327chr_6	2025000	2025000	-0.270948
OphioH327chr_6	2075000	2075000	0.662708
OphioH327chr_6	2125000	2125000	0.479491
OphioH327chr_6	2175000	2175000	0.595961
OphioH327chr_6	2225000	2225000	-0.093348
OphioH327chr_6	2275000	2275000	0.07487
OphioH327chr_6	2325000	2325000	-0.0064340000000000005
OphioH327chr_6	2375000	2375000	-0.053903
OphioH327chr_6	2425000	2425000	-0.12446600000000001
OphioH327chr_6	2475000	2475000	-0.010936
OphioH327chr_6	2525000	2525000	0.156221
OphioH327chr_6	2575000	2575000	-0.20694400000000002
OphioH327chr_6	2625000	2625000	-0.227384
OphioH327chr_6	2675000	2675000	0.410975
OphioH327chr_6	2725000	2725000	-0.783121
OphioH327chr_7	75000	75000	-0.830533
OphioH327chr_7	125000	125000	-0.810847
OphioH327chr_7	175000	175000	-0.329198
OphioH327chr_7	225000	225000	-0.26869499999999996
OphioH327chr_7	275000	275000	-0.698286
OphioH327chr_7	325000	325000	-0.745047
OphioH327chr_7	375000	375000	-0.074808
OphioH327chr_7	425000	425000	0.21842399999999998
OphioH327chr_7	475000	475000	-0.851966
OphioH327chr_7	525000	525000	-0.667532
OphioH327chr_7	575000	575000	0.234886
OphioH327chr_7	625000	625000	-0.376879
OphioH327chr_7	675000	675000	-0.28592
OphioH327chr_7	725000	725000	-0.767618
OphioH327chr_7	775000	775000	-0.755364
OphioH327chr_7	825000	825000	-0.513545
OphioH327chr_7	875000	875000	0.283596
OphioH327chr_7	925000	925000	-0.708922
OphioH327chr_7	975000	975000	-0.272504
OphioH327chr_7	1025000	1025000	-0.367153
OphioH327chr_7	1075000	1075000	-0.11910899999999999
OphioH327chr_7	1125000	1125000	-0.656569
OphioH327chr_7	1175000	1175000	-0.462901
OphioH327chr_7	1225000	1225000	-1.178901
OphioH327chr_7	1275000	1275000	-1.2166709999999998
OphioH327chr_7	1325000	1325000	-1.022619
OphioH327chr_7	1375000	1375000	-1.209848
OphioH327chr_7	1425000	1425000	-0.8317100000000001
OphioH327chr_7	1475000	1475000	-1.303014
OphioH327chr_7	1525000	1525000	-1.058486
OphioH327chr_7	1575000	1575000	-1.232434
OphioH327chr_7	1625000	1625000	-0.768375
OphioH327chr_7	1675000	1675000	-0.476789
OphioH327chr_7	1725000	1725000	-0.34591
OphioH327chr_7	1775000	1775000	-0.132258
OphioH327chr_7	1825000	1825000	-0.22949099999999997
OphioH327chr_7	1875000	1875000	-0.008792
OphioH327chr_7	1925000	1925000	0.13316
OphioH327chr_7	1975000	1975000	0.581923
OphioH327chr_7	2025000	2025000	0.858302
OphioH327chr_7	2075000	2075000	0.939033
OphioH327chr_7	2125000	2125000	0.5934189999999999
OphioH327chr_7	2175000	2175000	0.016429
OphioH327chr_7	2275000	2275000	1.466643
OphioH327chr_7	2325000	2325000	1.204716
OphioH327chr_7	2375000	2375000	0.869828
OphioH327chr_7	2425000	2425000	1.148387
OphioH327chr_7	2475000	2475000	1.104164
OphioH327chr_7	2525000	2525000	0.729017
OphioH327chr_7	2575000	2575000	0.9922340000000001
OphioH327chr_7	2625000	2625000	1.278413
OphioH327chr_7	2675000	2675000	1.151103
OphioH327chr_7	2725000	2725000	0.27412800000000004
OphioH327chr_8	75000	75000	-0.687862
OphioH327chr_8	125000	125000	-0.924589
OphioH327chr_8	175000	175000	-0.490464
OphioH327chr_8	225000	225000	0.653425
OphioH327chr_8	275000	275000	0.43933999999999995
OphioH327chr_8	325000	325000	0.698626
OphioH327chr_8	375000	375000	0.881965
OphioH327chr_8	425000	425000	1.212048
OphioH327chr_8	575000	575000	1.339584
OphioH327chr_8	625000	625000	1.7488549999999998
OphioH327chr_8	675000	675000	1.094754
OphioH327chr_8	725000	725000	1.6339299999999999
OphioH327chr_8	775000	775000	-0.30512
OphioH327chr_8	825000	825000	-0.047339
OphioH327chr_8	875000	875000	0.06944600000000001
OphioH327chr_8	925000	925000	-0.21471700000000002
OphioH327chr_8	975000	975000	-0.397995
OphioH327chr_8	1025000	1025000	-0.6070439999999999
OphioH327chr_8	1075000	1075000	-0.8946709999999999
OphioH327chr_8	1125000	1125000	-0.11798399999999999
OphioH327chr_8	1175000	1175000	-0.20557899999999998
OphioH327chr_8	1225000	1225000	-0.198373
OphioH327chr_8	1275000	1275000	0.09948
OphioH327chr_8	1325000	1325000	-0.66984
OphioH327chr_8	1375000	1375000	-0.536449
OphioH327chr_8	1425000	1425000	-0.145607
OphioH327chr_8	1475000	1475000	-0.0034649999999999998
OphioH327chr_8	1575000	1575000	-0.49951899999999994
OphioH327chr_8	1625000	1625000	-0.883467
OphioH327chr_8	1675000	1675000	-1.019547
OphioH327chr_8	1725000	1725000	-0.868842
OphioH327chr_8	1775000	1775000	-0.9359780000000001
OphioH327chr_8	1825000	1825000	-0.9959709999999999
OphioH327chr_8	1875000	1875000	-1.1364969999999999
OphioH327chr_8	1925000	1925000	-0.767031
OphioH327chr_8	1975000	1975000	-0.7466109999999999
OphioH327chr_8	2025000	2025000	-0.5006109999999999
OphioH327chr_8	2075000	2075000	0.302774
OphioH327chr_8	2125000	2125000	0.149596
OphioH327chr_8	2175000	2175000	0.147176
OphioH327chr_8	2225000	2225000	-0.16884100000000002
OphioH327chr_8	2275000	2275000	-0.662313
OphioH327chr_8	2325000	2325000	-0.8026949999999999
OphioH327chr_8	2375000	2375000	-0.552067
OphioH327chr_8	2425000	2425000	-0.720645
OphioH327chr_8	2475000	2475000	-0.8642700000000001
