OphioH327chr_1 0 199999 fill_color=(195,193,119)
OphioH327chr_1 200000 399999 fill_color=(195,193,119)
OphioH327chr_1 2000000 2199999 fill_color=(195,193,119)
OphioH327chr_1 2200000 2399999 fill_color=(195,193,119)
OphioH327chr_1 2400000 2599999 fill_color=(195,193,119)
OphioH327chr_1 2600000 2799999 fill_color=(195,193,119)
OphioH327chr_1 2800000 2999999 fill_color=(195,193,119)
OphioH327chr_1 3000000 3199999 fill_color=(195,193,119)
OphioH327chr_1 3400000 3599999 fill_color=(195,193,119)
OphioH327chr_1 3600000 3799999 fill_color=(195,193,119)
OphioH327chr_1 3800000 3999999 fill_color=(195,193,119)
OphioH327chr_1 400000 599999 fill_color=(195,193,119)
OphioH327chr_1 4000000 4199999 fill_color=(195,193,119)
OphioH327chr_1 4200000 4399999 fill_color=(195,193,119)
OphioH327chr_1 4400000 4599999 fill_color=(195,193,119)
OphioH327chr_1 4600000 4799999 fill_color=(195,193,119)
OphioH327chr_1 4800000 4999999 fill_color=(195,193,119)
OphioH327chr_1 5000000 5199999 fill_color=(205,198,115)
OphioH327chr_1 5200000 5399999 fill_color=(195,193,119)
OphioH327chr_1 5400000 5599999 fill_color=(195,193,119)
OphioH327chr_1 5600000 5799999 fill_color=(195,193,119)
OphioH327chr_1 5800000 5999999 fill_color=(195,193,119)
OphioH327chr_1 600000 799999 fill_color=(195,193,119)
OphioH327chr_1 6000000 6199999 fill_color=(195,193,119)
OphioH327chr_1 6200000 6399999 fill_color=(195,193,119)
OphioH327chr_1 6400000 6599999 fill_color=(195,193,119)
OphioH327chr_1 6600000 6799999 fill_color=(195,193,119)
OphioH327chr_1 6800000 6999999 fill_color=(195,193,119)
OphioH327chr_1 800000 999999 fill_color=(195,193,119)
OphioH327chr_1 1000000 1199999 fill_color=(195,193,119)
OphioH327chr_1 1200000 1399999 fill_color=(195,193,119)
OphioH327chr_1 1400000 1599999 fill_color=(195,193,119)
OphioH327chr_1 1600000 1799999 fill_color=(195,193,119)
OphioH327chr_1 1800000 1999999 fill_color=(195,193,119)
OphioH327chr_2 0 199999 fill_color=(195,193,119)
OphioH327chr_2 200000 399999 fill_color=(195,193,119)
OphioH327chr_2 2000000 2199999 fill_color=(195,193,119)
OphioH327chr_2 2200000 2399999 fill_color=(195,193,119)
OphioH327chr_2 2400000 2599999 fill_color=(195,193,119)
OphioH327chr_2 2600000 2799999 fill_color=(195,193,119)
OphioH327chr_2 2800000 2999999 fill_color=(195,193,119)
OphioH327chr_2 3000000 3199999 fill_color=(195,193,119)
OphioH327chr_2 3200000 3399999 fill_color=(195,193,119)
OphioH327chr_2 3400000 3599999 fill_color=(195,193,119)
OphioH327chr_2 3600000 3799999 fill_color=(205,198,115)
OphioH327chr_2 3800000 3999999 fill_color=(195,193,119)
OphioH327chr_2 4000000 4199999 fill_color=(195,193,119)
OphioH327chr_2 4200000 4399999 fill_color=(195,193,119)
OphioH327chr_2 4400000 4599999 fill_color=(195,193,119)
OphioH327chr_2 4600000 4799999 fill_color=(195,193,119)
OphioH327chr_2 4800000 4999999 fill_color=(195,193,119)
OphioH327chr_2 5000000 5199999 fill_color=(195,193,119)
OphioH327chr_2 5200000 5399999 fill_color=(195,193,119)
OphioH327chr_2 5400000 5599999 fill_color=(195,193,119)
OphioH327chr_2 5600000 5799999 fill_color=(195,193,119)
OphioH327chr_2 5800000 5999999 fill_color=(195,193,119)
OphioH327chr_2 600000 799999 fill_color=(195,193,119)
OphioH327chr_2 6200000 6399999 fill_color=(195,193,119)
OphioH327chr_2 6400000 6599999 fill_color=(195,193,119)
OphioH327chr_2 6600000 6799999 fill_color=(195,193,119)
OphioH327chr_2 800000 999999 fill_color=(195,193,119)
OphioH327chr_2 1000000 1199999 fill_color=(195,193,119)
OphioH327chr_2 1200000 1399999 fill_color=(195,193,119)
OphioH327chr_2 1400000 1599999 fill_color=(195,193,119)
OphioH327chr_2 1600000 1799999 fill_color=(195,193,119)
OphioH327chr_2 1800000 1999999 fill_color=(195,193,119)
OphioH327chr_3 0 199999 fill_color=(195,193,119)
OphioH327chr_3 200000 399999 fill_color=(195,193,119)
OphioH327chr_3 2000000 2199999 fill_color=(195,193,119)
OphioH327chr_3 2200000 2399999 fill_color=(195,193,119)
OphioH327chr_3 2400000 2599999 fill_color=(195,193,119)
OphioH327chr_3 2600000 2799999 fill_color=(195,193,119)
OphioH327chr_3 3000000 3199999 fill_color=(195,193,119)
OphioH327chr_3 3200000 3399999 fill_color=(195,193,119)
OphioH327chr_3 3400000 3599999 fill_color=(195,193,119)
OphioH327chr_3 3600000 3799999 fill_color=(195,193,119)
OphioH327chr_3 400000 599999 fill_color=(195,193,119)
OphioH327chr_3 600000 799999 fill_color=(195,193,119)
OphioH327chr_3 800000 999999 fill_color=(195,193,119)
OphioH327chr_3 1000000 1199999 fill_color=(195,193,119)
OphioH327chr_3 1200000 1399999 fill_color=(195,193,119)
OphioH327chr_3 1400000 1599999 fill_color=(195,193,119)
OphioH327chr_3 1600000 1799999 fill_color=(195,193,119)
OphioH327chr_3 1800000 1999999 fill_color=(195,193,119)
OphioH327chr_4 0 199999 fill_color=(195,193,119)
OphioH327chr_4 200000 399999 fill_color=(195,193,119)
OphioH327chr_4 2000000 2199999 fill_color=(195,193,119)
OphioH327chr_4 2200000 2399999 fill_color=(195,193,119)
OphioH327chr_4 2400000 2599999 fill_color=(195,193,119)
OphioH327chr_4 2600000 2799999 fill_color=(195,193,119)
OphioH327chr_4 2800000 2999999 fill_color=(195,193,119)
OphioH327chr_4 3000000 3199999 fill_color=(195,193,119)
OphioH327chr_4 3200000 3399999 fill_color=(195,193,119)
OphioH327chr_4 400000 599999 fill_color=(195,193,119)
OphioH327chr_4 600000 799999 fill_color=(195,193,119)
OphioH327chr_4 800000 999999 fill_color=(195,193,119)
OphioH327chr_4 1000000 1199999 fill_color=(195,193,119)
OphioH327chr_4 1200000 1399999 fill_color=(195,193,119)
OphioH327chr_4 1400000 1599999 fill_color=(195,193,119)
OphioH327chr_4 1600000 1799999 fill_color=(195,193,119)
OphioH327chr_4 1800000 1999999 fill_color=(195,193,119)
OphioH327chr_5 0 199999 fill_color=(195,193,119)
OphioH327chr_5 200000 399999 fill_color=(195,193,119)
OphioH327chr_5 2000000 2199999 fill_color=(195,193,119)
OphioH327chr_5 2200000 2399999 fill_color=(195,193,119)
OphioH327chr_5 2400000 2599999 fill_color=(195,193,119)
OphioH327chr_5 2600000 2799999 fill_color=(195,193,119)
OphioH327chr_5 2800000 2999999 fill_color=(114,157,160)
OphioH327chr_5 400000 599999 fill_color=(195,193,119)
OphioH327chr_5 600000 799999 fill_color=(195,193,119)
OphioH327chr_5 800000 999999 fill_color=(195,193,119)
OphioH327chr_5 1000000 1199999 fill_color=(195,193,119)
OphioH327chr_5 1200000 1399999 fill_color=(195,193,119)
OphioH327chr_5 1400000 1599999 fill_color=(195,193,119)
OphioH327chr_5 1600000 1799999 fill_color=(195,193,119)
OphioH327chr_5 1800000 1999999 fill_color=(195,193,119)
OphioH327chr_6 0 199999 fill_color=(195,193,119)
OphioH327chr_6 200000 399999 fill_color=(195,193,119)
OphioH327chr_6 2000000 2199999 fill_color=(195,193,119)
OphioH327chr_6 2200000 2399999 fill_color=(195,193,119)
OphioH327chr_6 2400000 2599999 fill_color=(195,193,119)
OphioH327chr_6 2600000 2799999 fill_color=(195,193,119)
OphioH327chr_6 400000 599999 fill_color=(195,193,119)
OphioH327chr_6 600000 799999 fill_color=(195,193,119)
OphioH327chr_6 800000 999999 fill_color=(195,193,119)
OphioH327chr_6 1000000 1199999 fill_color=(195,193,119)
OphioH327chr_6 1200000 1399999 fill_color=(195,193,119)
OphioH327chr_6 1400000 1599999 fill_color=(195,193,119)
OphioH327chr_6 1600000 1799999 fill_color=(205,198,115)
OphioH327chr_6 1800000 1999999 fill_color=(205,198,115)
OphioH327chr_7 0 199999 fill_color=(195,193,119)
OphioH327chr_7 200000 399999 fill_color=(195,193,119)
OphioH327chr_7 2200000 2399999 fill_color=(195,193,119)
OphioH327chr_7 2400000 2599999 fill_color=(195,193,119)
OphioH327chr_7 2600000 2799999 fill_color=(195,193,119)
OphioH327chr_7 400000 599999 fill_color=(195,193,119)
OphioH327chr_7 600000 799999 fill_color=(195,193,119)
OphioH327chr_7 800000 999999 fill_color=(195,193,119)
OphioH327chr_7 1000000 1199999 fill_color=(195,193,119)
OphioH327chr_7 1200000 1399999 fill_color=(195,193,119)
OphioH327chr_7 1400000 1599999 fill_color=(195,193,119)
OphioH327chr_7 1600000 1799999 fill_color=(195,193,119)
OphioH327chr_7 1800000 1999999 fill_color=(195,193,119)
OphioH327chr_8 0 199999 fill_color=(195,193,119)
OphioH327chr_8 200000 399999 fill_color=(195,193,119)
OphioH327chr_8 2000000 2199999 fill_color=(195,193,119)
OphioH327chr_8 2200000 2399999 fill_color=(195,193,119)
OphioH327chr_8 2400000 2599999 fill_color=(195,193,119)
OphioH327chr_8 400000 599999 fill_color=(195,193,119)
OphioH327chr_8 600000 799999 fill_color=(195,193,119)
OphioH327chr_8 800000 999999 fill_color=(195,193,119)
OphioH327chr_8 1000000 1199999 fill_color=(195,193,119)
OphioH327chr_8 1200000 1399999 fill_color=(195,193,119)
OphioH327chr_8 1400000 1599999 fill_color=(195,193,119)
OphioH327chr_8 1600000 1799999 fill_color=(195,193,119)
OphioH327chr_8 1800000 1999999 fill_color=(195,193,119)
OphioH327chr_1 200000 399999 fill_color=(195,193,119)
OphioH327chr_1 3200000 3399999 fill_color=(195,193,119)
OphioH327chr_1 400000 599999 fill_color=(195,193,119)
OphioH327chr_1 600000 799999 fill_color=(195,193,119)
OphioH327chr_2 200000 399999 fill_color=(195,193,119)
OphioH327chr_2 400000 599999 fill_color=(195,193,119)
OphioH327chr_2 600000 799999 fill_color=(195,193,119)
OphioH327chr_2 6000000 6199999 fill_color=(195,193,119)
OphioH327chr_3 200000 399999 fill_color=(195,193,119)
OphioH327chr_3 2800000 2999999 fill_color=(195,193,119)
OphioH327chr_4 200000 399999 fill_color=(195,193,119)
OphioH327chr_5 200000 399999 fill_color=(195,193,119)
OphioH327chr_8 200000 399999 fill_color=(195,193,119)
OphioH327chr_1 200000 399999 fill_color=(195,193,119)
OphioH327chr_1 400000 599999 fill_color=(195,193,119)
OphioH327chr_1 600000 799999 fill_color=(195,193,119)
OphioH327chr_2 200000 399999 fill_color=(195,193,119)
OphioH327chr_2 400000 599999 fill_color=(195,193,119)
OphioH327chr_2 600000 799999 fill_color=(195,193,119)
OphioH327chr_3 200000 399999 fill_color=(195,193,119)
OphioH327chr_4 200000 399999 fill_color=(195,193,119)
OphioH327chr_5 200000 399999 fill_color=(195,193,119)
OphioH327chr_6 200000 399999 fill_color=(195,193,119)
OphioH327chr_7 200000 399999 fill_color=(195,193,119)
OphioH327chr_7 2000000 2199999 fill_color=(195,193,119)
OphioH327chr_8 200000 399999 fill_color=(195,193,119)
