OphioH327chr_1	75000	75000	0.005610084790293314
OphioH327chr_1	125000	125000	0.007182130298076023
OphioH327chr_1	175000	175000	0.011102406753283283
OphioH327chr_1	225000	225000	0.01716233067129369
OphioH327chr_1	275000	275000	0.015362298396226904
OphioH327chr_1	325000	325000	0.011876015171318558
OphioH327chr_1	375000	375000	0.015462956794411578
OphioH327chr_1	425000	425000	0.017778558302299796
OphioH327chr_1	475000	475000	0.01472344005116764
OphioH327chr_1	525000	525000	0.004099043313745264
OphioH327chr_1	575000	575000	0.0040306711898225175
OphioH327chr_1	625000	625000	0.002829103777413372
OphioH327chr_1	675000	675000	0.0028166021783517263
OphioH327chr_1	725000	725000	0.0032653076624034197
OphioH327chr_1	775000	775000	0.0030313232826500113
OphioH327chr_1	825000	825000	0.002068762252550574
OphioH327chr_1	875000	875000	0.002536612988594627
OphioH327chr_1	925000	925000	0.0028873213530569686
OphioH327chr_1	975000	975000	0.002416020588518162
OphioH327chr_1	1025000	1025000	0.010848837258132887
OphioH327chr_1	1075000	1075000	0.002244581315084322
OphioH327chr_1	1125000	1125000	0.003197317860194402
OphioH327chr_1	1175000	1175000	0.0021868500991350094
OphioH327chr_1	1225000	1225000	0.002662996626823845
OphioH327chr_1	1275000	1275000	0.00115037428064578
OphioH327chr_1	1325000	1325000	0.0026955528508264244
OphioH327chr_1	1375000	1375000	0.0014965563204472395
OphioH327chr_1	1425000	1425000	0.0011233238664950724
OphioH327chr_1	1475000	1475000	0.0030961796296556494
OphioH327chr_1	1525000	1525000	0.0005920746123069724
OphioH327chr_1	1575000	1575000	0.001006284887611807
OphioH327chr_1	1625000	1625000	0.0011839915172084125
OphioH327chr_1	1675000	1675000	0.001387013616604604
OphioH327chr_1	1725000	1725000	0.0020567886603971106
OphioH327chr_1	1775000	1775000	0.002902994780558367
OphioH327chr_1	1825000	1825000	0.0026912575862572405
OphioH327chr_1	1875000	1875000	0.0027374745419177205
OphioH327chr_1	1925000	1925000	0.003278749395217133
OphioH327chr_1	1975000	1975000	0.0033083297038280605
OphioH327chr_1	2025000	2025000	0.003506114888217685
OphioH327chr_1	2075000	2075000	0.0019232018903707648
OphioH327chr_1	2125000	2125000	0.0029693881467213086
OphioH327chr_1	2175000	2175000	0.0021044036669332234
OphioH327chr_1	2225000	2225000	0.0015150742609348672
OphioH327chr_1	2275000	2275000	0.001720331946588508
OphioH327chr_1	2325000	2325000	0.0017063051390646081
OphioH327chr_1	2375000	2375000	0.0012871463329485774
OphioH327chr_1	2425000	2425000	0.0010037584842761888
OphioH327chr_1	2475000	2475000	0.0023806343417239547
OphioH327chr_1	2525000	2525000	0.0007511959516129807
OphioH327chr_1	2575000	2575000	0.0005952933906574015
OphioH327chr_1	2625000	2625000	0.0005781383611570642
OphioH327chr_1	2675000	2675000	0.0035906194192044084
OphioH327chr_1	2725000	2725000	0.0046201913070666465
OphioH327chr_1	2775000	2775000	0.0017344178634333411
OphioH327chr_1	2825000	2825000	0.0017283344861911884
OphioH327chr_1	2875000	2875000	0.0013704076713140243
OphioH327chr_1	2925000	2925000	0.0024274607236163996
OphioH327chr_1	2975000	2975000	0.001063523752302653
OphioH327chr_1	3025000	3025000	0.0016213099221039974
OphioH327chr_1	3075000	3075000	0.0011762737489065382
OphioH327chr_1	3125000	3125000	0.0008640317078323761
OphioH327chr_1	3175000	3175000	0.00044309667496596574
OphioH327chr_1	3225000	3225000	0.0008974939215880146
OphioH327chr_1	3275000	3275000	0.0007302422160659013
OphioH327chr_1	3325000	3325000	0.0007268247107746118
OphioH327chr_1	3375000	3375000	0.0007064906898894803
OphioH327chr_1	3425000	3425000	0.0005782250755864528
OphioH327chr_1	3475000	3475000	0.0008746038539596004
OphioH327chr_1	3525000	3525000	0.0009749756439434165
OphioH327chr_1	3575000	3575000	0.0015988812194915943
OphioH327chr_1	3625000	3625000	0.0010162280019453023
OphioH327chr_1	3675000	3675000	0.0005285883486140652
OphioH327chr_1	3725000	3725000	0.0006151627478139941
OphioH327chr_1	3775000	3775000	0.0014684283477411466
OphioH327chr_1	3825000	3825000	0.0007299736208134378
OphioH327chr_1	3875000	3875000	0.0009209067348552493
OphioH327chr_1	3925000	3925000	0.0005350324543574162
OphioH327chr_1	3975000	3975000	0.004127970115044806
OphioH327chr_1	4025000	4025000	0.0005287823101114582
OphioH327chr_1	4075000	4075000	0.001071338822602158
OphioH327chr_1	4125000	4125000	0.0006196952567841628
OphioH327chr_1	4175000	4175000	0.0008004805794012444
OphioH327chr_1	4225000	4225000	0.0006718265247837917
OphioH327chr_1	4275000	4275000	0.0019164041868064718
OphioH327chr_1	4325000	4325000	0.0017167577706549905
OphioH327chr_1	4375000	4375000	0.001120139868891709
OphioH327chr_1	4425000	4425000	0.004349496700378862
OphioH327chr_1	4475000	4475000	0.0025130697433720446
OphioH327chr_1	4525000	4525000	0.00192012509577776
OphioH327chr_1	4575000	4575000	0.0013103222212922892
OphioH327chr_1	4625000	4625000	0.0010796147880237188
OphioH327chr_1	4675000	4675000	0.0007611976994463733
OphioH327chr_1	4725000	4725000	0.000596305335247091
OphioH327chr_1	4775000	4775000	0.0007937154406870027
OphioH327chr_1	4825000	4825000	0.000752197234337995
OphioH327chr_1	4875000	4875000	0.0006764753552961346
OphioH327chr_1	4925000	4925000	0.0005954092963525564
OphioH327chr_1	4975000	4975000	0.000850291681436231
OphioH327chr_1	5025000	5025000	0.0007038310617240816
OphioH327chr_1	5075000	5075000	0.002899021294747349
OphioH327chr_1	5125000	5125000	0.016978274831582818
OphioH327chr_1	5175000	5175000	0.004485455508830689
OphioH327chr_1	5225000	5225000	0.000958773774101514
OphioH327chr_1	5275000	5275000	0.0010446935505763664
OphioH327chr_1	5325000	5325000	0.0010003991421860584
OphioH327chr_1	5375000	5375000	0.0007735374655331406
OphioH327chr_1	5425000	5425000	0.000762749735268909
OphioH327chr_1	5475000	5475000	0.0005694056187849167
OphioH327chr_1	5525000	5525000	0.0010302299891793124
OphioH327chr_1	5575000	5575000	0.0008395679972275671
OphioH327chr_1	5625000	5625000	0.0018949509561314564
OphioH327chr_1	5675000	5675000	0.001566909586595133
OphioH327chr_1	5725000	5725000	0.0017944022918682623
OphioH327chr_1	5775000	5775000	0.0035069769731530874
OphioH327chr_1	5825000	5825000	0.005259043468781172
OphioH327chr_1	5875000	5875000	0.003022961566045395
OphioH327chr_1	5925000	5925000	0.006271884017782031
OphioH327chr_1	5975000	5975000	0.007010080955744933
OphioH327chr_1	6025000	6025000	0.010255355864148162
OphioH327chr_1	6075000	6075000	0.00238230414803227
OphioH327chr_1	6125000	6125000	0.003637247363636183
OphioH327chr_1	6175000	6175000	0.0008187817439145014
OphioH327chr_1	6225000	6225000	0.000856599023942584
OphioH327chr_1	6275000	6275000	0.0010923033730366725
OphioH327chr_1	6325000	6325000	0.005491885124409165
OphioH327chr_1	6375000	6375000	0.005136658855859523
OphioH327chr_1	6425000	6425000	0.00317487646606604
OphioH327chr_1	6475000	6475000	0.012108620364138288
OphioH327chr_1	6525000	6525000	0.010288662813523381
OphioH327chr_1	6575000	6575000	0.00858842394645647
OphioH327chr_1	6625000	6625000	0.008436856527908215
OphioH327chr_1	6675000	6675000	0.014097728541773121
OphioH327chr_1	6725000	6725000	0.01730954581750662
OphioH327chr_1	6775000	6775000	0.010772552084493028
OphioH327chr_1	6825000	6825000	0.002718675837288588
OphioH327chr_1	6875000	6875000	0.011055561372839568
OphioH327chr_2	25000	25000	0.0010640227818364339
OphioH327chr_2	75000	75000	0.0006701278365741089
OphioH327chr_2	125000	125000	0.006870143887702554
OphioH327chr_2	175000	175000	0.0024746847540697706
OphioH327chr_2	225000	225000	0.0037942746767112346
OphioH327chr_2	275000	275000	0.00566928531840186
OphioH327chr_2	325000	325000	0.0037795000770431387
OphioH327chr_2	375000	375000	0.007648779888711268
OphioH327chr_2	425000	425000	0.004137197839069334
OphioH327chr_2	475000	475000	0.007854368281851182
OphioH327chr_2	525000	525000	0.0089252009913986
OphioH327chr_2	575000	575000	0.006712783084342998
OphioH327chr_2	625000	625000	0.009014959153598751
OphioH327chr_2	675000	675000	0.002884995266367261
OphioH327chr_2	725000	725000	0.0032557932619672984
OphioH327chr_2	775000	775000	0.007559268921351386
OphioH327chr_2	825000	825000	0.004033384023407323
OphioH327chr_2	875000	875000	0.0046024872740043155
OphioH327chr_2	925000	925000	0.00902128172285078
OphioH327chr_2	975000	975000	0.005463839019898816
OphioH327chr_2	1025000	1025000	0.007187761928543834
OphioH327chr_2	1125000	1125000	0.005971686472883173
OphioH327chr_2	1175000	1175000	0.004952902176571075
OphioH327chr_2	1225000	1225000	0.009313671114088309
OphioH327chr_2	1275000	1275000	0.004469619992435517
OphioH327chr_2	1325000	1325000	0.002602031379127971
OphioH327chr_2	1375000	1375000	0.0020468265284549576
OphioH327chr_2	1425000	1425000	0.0027719773833971622
OphioH327chr_2	1475000	1475000	0.001683700611181991
OphioH327chr_2	1525000	1525000	0.0011568496306269907
OphioH327chr_2	1575000	1575000	0.0018492175766089821
OphioH327chr_2	1625000	1625000	0.0018862894884958523
OphioH327chr_2	1675000	1675000	0.0008706688312870242
OphioH327chr_2	1725000	1725000	0.0012362092865496135
OphioH327chr_2	1775000	1775000	0.0010365935837100286
OphioH327chr_2	1825000	1825000	0.004821974654281528
OphioH327chr_2	1875000	1875000	0.0010011535335586505
OphioH327chr_2	1925000	1925000	0.0021387925852535293
OphioH327chr_2	1975000	1975000	0.0015765339688077046
OphioH327chr_2	2025000	2025000	0.0007723425189985212
OphioH327chr_2	2075000	2075000	0.0008597296355643027
OphioH327chr_2	2125000	2125000	0.0012512551116033944
OphioH327chr_2	2175000	2175000	0.0013805895638117573
OphioH327chr_2	2225000	2225000	0.0019344841734640905
OphioH327chr_2	2275000	2275000	0.0009510976994993191
OphioH327chr_2	2325000	2325000	0.0025368951432803637
OphioH327chr_2	2375000	2375000	0.0013620116450866792
OphioH327chr_2	2425000	2425000	0.002537870718271037
OphioH327chr_2	2475000	2475000	0.0014272627848329234
OphioH327chr_2	2525000	2525000	0.001107988797911966
OphioH327chr_2	2575000	2575000	0.000624298743790764
OphioH327chr_2	2625000	2625000	0.0006439493672131309
OphioH327chr_2	2675000	2675000	0.0007807378785664061
OphioH327chr_2	2725000	2725000	0.0005834419792184203
OphioH327chr_2	2775000	2775000	0.0025831755693896535
OphioH327chr_2	2825000	2825000	0.0007867363662427076
OphioH327chr_2	2875000	2875000	0.001526949852682599
OphioH327chr_2	2925000	2925000	0.001601393871363562
OphioH327chr_2	2975000	2975000	0.001144684489772413
OphioH327chr_2	3025000	3025000	0.0008080327992035277
OphioH327chr_2	3075000	3075000	0.0010734560334778713
OphioH327chr_2	3125000	3125000	0.004505056933696725
OphioH327chr_2	3175000	3175000	0.0020012064931792506
OphioH327chr_2	3225000	3225000	0.0012382855984714519
OphioH327chr_2	3275000	3275000	0.002573842415486667
OphioH327chr_2	3325000	3325000	0.0014231678647855747
OphioH327chr_2	3375000	3375000	0.0021708617002013228
OphioH327chr_2	3425000	3425000	0.0030777832224215787
OphioH327chr_2	3475000	3475000	0.0020971879251726363
OphioH327chr_2	3525000	3525000	0.001133772000032484
OphioH327chr_2	3575000	3575000	0.008814722879984527
OphioH327chr_2	3625000	3625000	0.0004767900994188639
OphioH327chr_2	3675000	3675000	0.0005923804975521609
OphioH327chr_2	3725000	3725000	0.0005022291268388147
OphioH327chr_2	3825000	3825000	0.00045410061636178635
OphioH327chr_2	3875000	3875000	0.0008563273054611398
OphioH327chr_2	3925000	3925000	0.0025557000321836704
OphioH327chr_2	3975000	3975000	0.006229596156014686
OphioH327chr_2	4025000	4025000	0.006037389003397155
OphioH327chr_2	4075000	4075000	0.0033925754067222445
OphioH327chr_2	4125000	4125000	0.0019552915570569636
OphioH327chr_2	4175000	4175000	0.005001991252018739
OphioH327chr_2	4225000	4225000	0.004064044293879371
OphioH327chr_2	4275000	4275000	0.0043438906829099495
OphioH327chr_2	4325000	4325000	0.005483967469405903
OphioH327chr_2	4375000	4375000	0.0015053362640552812
OphioH327chr_2	4425000	4425000	0.0018352579092203482
OphioH327chr_2	4475000	4475000	0.002726374153526868
OphioH327chr_2	4525000	4525000	0.003155240436927715
OphioH327chr_2	4575000	4575000	0.004146349944918232
OphioH327chr_2	4625000	4625000	0.00452876561902337
OphioH327chr_2	4675000	4675000	0.0076745683091133075
OphioH327chr_2	4725000	4725000	0.002182844987353707
OphioH327chr_2	4775000	4775000	0.004205301547520631
OphioH327chr_2	4825000	4825000	0.00401239201754948
OphioH327chr_2	4875000	4875000	0.0030779784835037556
OphioH327chr_2	4925000	4925000	0.003607634649147105
OphioH327chr_2	4975000	4975000	0.0028300910796489657
OphioH327chr_2	5025000	5025000	0.002458554153317248
OphioH327chr_2	5075000	5075000	0.006677359281201689
OphioH327chr_2	5125000	5125000	0.002896198706117393
OphioH327chr_2	5175000	5175000	0.0025136029858687133
OphioH327chr_2	5225000	5225000	0.004927231217365269
OphioH327chr_2	5275000	5275000	0.0053187525309099475
OphioH327chr_2	5325000	5325000	0.00897252991270671
OphioH327chr_2	5375000	5375000	0.01456973977103101
OphioH327chr_2	5425000	5425000	0.013036364927022906
OphioH327chr_2	5475000	5475000	0.009839365877028322
OphioH327chr_2	5525000	5525000	0.012643280362535517
OphioH327chr_2	5575000	5575000	0.010422565910189753
OphioH327chr_2	5625000	5625000	0.011862882322779855
OphioH327chr_2	5675000	5675000	0.00928883085949518
OphioH327chr_2	5725000	5725000	0.00590071068886793
OphioH327chr_2	5775000	5775000	0.006433923674780406
OphioH327chr_2	5825000	5825000	0.013937406040601657
OphioH327chr_2	5875000	5875000	0.020564719390276622
OphioH327chr_2	5925000	5925000	0.009508170206370754
OphioH327chr_2	6025000	6025000	0.014727761647692137
OphioH327chr_2	6075000	6075000	0.01478955236260864
OphioH327chr_2	6125000	6125000	0.009535752955038135
OphioH327chr_2	6175000	6175000	0.004317071832025086
OphioH327chr_2	6225000	6225000	0.007377938207954344
OphioH327chr_2	6275000	6275000	0.006717122460838332
OphioH327chr_2	6325000	6325000	0.005189365613582882
OphioH327chr_2	6375000	6375000	0.008700589570580921
OphioH327chr_2	6425000	6425000	0.00887140598769475
OphioH327chr_2	6475000	6475000	0.006232632558916812
OphioH327chr_2	6525000	6525000	0.005170073862559003
OphioH327chr_2	6575000	6575000	0.007633388688828328
OphioH327chr_2	6625000	6625000	0.006804059048757708
OphioH327chr_2	6675000	6675000	0.010096021475715648
OphioH327chr_2	6725000	6725000	0.008211345755789695
OphioH327chr_3	75000	75000	0.002488939648207375
OphioH327chr_3	125000	125000	0.006981087104147773
OphioH327chr_3	175000	175000	0.0013999290301026498
OphioH327chr_3	225000	225000	0.0031068495743006397
OphioH327chr_3	275000	275000	0.003462447345149298
OphioH327chr_3	325000	325000	0.00613932187948427
OphioH327chr_3	375000	375000	0.004620372300571583
OphioH327chr_3	425000	425000	0.005170011370503927
OphioH327chr_3	475000	475000	0.012102732730278678
OphioH327chr_3	525000	525000	0.011544146322387224
OphioH327chr_3	575000	575000	0.005635766258943303
OphioH327chr_3	625000	625000	0.009555174510062919
OphioH327chr_3	675000	675000	0.01538838171691897
OphioH327chr_3	725000	725000	0.008775824933425663
OphioH327chr_3	775000	775000	0.007683592400613138
OphioH327chr_3	825000	825000	0.0041887116946001625
OphioH327chr_3	875000	875000	0.00842861333304399
OphioH327chr_3	925000	925000	0.012844704660992827
OphioH327chr_3	975000	975000	0.005297049031816914
OphioH327chr_3	1025000	1025000	0.004587807276227675
OphioH327chr_3	1075000	1075000	0.006111357710475797
OphioH327chr_3	1125000	1125000	0.004166983575394261
OphioH327chr_3	1175000	1175000	0.011992367193655026
OphioH327chr_3	1275000	1275000	0.008283525822153756
OphioH327chr_3	1325000	1325000	0.004490407428189156
OphioH327chr_3	1375000	1375000	0.017084853028136865
OphioH327chr_3	1425000	1425000	0.004841768135619029
OphioH327chr_3	1475000	1475000	0.002457220490444079
OphioH327chr_3	1525000	1525000	0.0023041769806766404
OphioH327chr_3	1575000	1575000	0.005743137299561016
OphioH327chr_3	1625000	1625000	0.006169050753310321
OphioH327chr_3	1675000	1675000	0.005464387676631922
OphioH327chr_3	1725000	1725000	0.0012462121930307188
OphioH327chr_3	1775000	1775000	0.003009615933389784
OphioH327chr_3	1825000	1825000	0.004543909391169471
OphioH327chr_3	1875000	1875000	0.004838220314840617
OphioH327chr_3	1925000	1925000	0.0009694616472778439
OphioH327chr_3	1975000	1975000	0.0020456213367631556
OphioH327chr_3	2025000	2025000	0.0011643788649047348
OphioH327chr_3	2075000	2075000	0.005112709685324541
OphioH327chr_3	2125000	2125000	0.0035784413082852245
OphioH327chr_3	2175000	2175000	0.004463136987372969
OphioH327chr_3	2225000	2225000	0.002763055899669388
OphioH327chr_3	2275000	2275000	0.0037119217871564546
OphioH327chr_3	2325000	2325000	0.0034318481803885617
OphioH327chr_3	2375000	2375000	0.0010936620445132366
OphioH327chr_3	2425000	2425000	0.002145950560700115
OphioH327chr_3	2475000	2475000	0.0031960457184795807
OphioH327chr_3	2525000	2525000	0.002856227726801501
OphioH327chr_3	2575000	2575000	0.001056539447417065
OphioH327chr_3	2625000	2625000	0.00791026656423434
OphioH327chr_3	2675000	2675000	0.010576709651793368
OphioH327chr_3	2725000	2725000	0.0016329710732732809
OphioH327chr_3	2775000	2775000	0.0007531713372556084
OphioH327chr_3	2825000	2825000	0.0022423794306724054
OphioH327chr_3	2875000	2875000	0.00311678705398001
OphioH327chr_3	2925000	2925000	0.0016633146225991057
OphioH327chr_3	2975000	2975000	0.0006682942616018444
OphioH327chr_3	3025000	3025000	0.008426194202185792
OphioH327chr_3	3075000	3075000	0.008356931470558441
OphioH327chr_3	3125000	3125000	0.008015952120158515
OphioH327chr_3	3175000	3175000	0.0068826551851650375
OphioH327chr_3	3225000	3225000	0.00970633191073686
OphioH327chr_3	3275000	3275000	0.005096305506435411
OphioH327chr_3	3325000	3325000	0.004187651404266193
OphioH327chr_3	3375000	3375000	0.009981340238561993
OphioH327chr_3	3425000	3425000	0.007459107158144599
OphioH327chr_3	3475000	3475000	0.0063930833903350515
OphioH327chr_3	3525000	3525000	0.010827702336767142
OphioH327chr_3	3575000	3575000	0.005512450694171377
OphioH327chr_4	75000	75000	0.004109135844182929
OphioH327chr_4	125000	125000	0.004054553235744174
OphioH327chr_4	175000	175000	0.004338568748900265
OphioH327chr_4	225000	225000	0.017001613595531817
OphioH327chr_4	275000	275000	0.023600364964940484
OphioH327chr_4	325000	325000	0.008096560459281789
OphioH327chr_4	375000	375000	0.008484723353142222
OphioH327chr_4	425000	425000	0.006975753922239916
OphioH327chr_4	475000	475000	0.007400410456842189
OphioH327chr_4	525000	525000	0.007467623444056264
OphioH327chr_4	575000	575000	0.0044652751025270375
OphioH327chr_4	625000	625000	0.007345886889932191
OphioH327chr_4	675000	675000	0.009502863271718676
OphioH327chr_4	725000	725000	0.005961661622140722
OphioH327chr_4	775000	775000	0.006743650512962582
OphioH327chr_4	825000	825000	0.0010469027477286745
OphioH327chr_4	875000	875000	0.0013573407491487889
OphioH327chr_4	925000	925000	0.0007781341607948344
OphioH327chr_4	975000	975000	0.002589044060576218
OphioH327chr_4	1025000	1025000	0.0007393481016700149
OphioH327chr_4	1075000	1075000	0.0031015016418794762
OphioH327chr_4	1125000	1125000	0.004010997846691338
OphioH327chr_4	1175000	1175000	0.00423272904818346
OphioH327chr_4	1225000	1225000	0.003083689474823885
OphioH327chr_4	1275000	1275000	0.0035589122199811765
OphioH327chr_4	1325000	1325000	0.0022883524352419757
OphioH327chr_4	1375000	1375000	0.00414361442102074
OphioH327chr_4	1425000	1425000	0.002308523852762373
OphioH327chr_4	1475000	1475000	0.0029279148727801283
OphioH327chr_4	1525000	1525000	0.0030209140253760055
OphioH327chr_4	1575000	1575000	0.0006392211753460696
OphioH327chr_4	1625000	1625000	0.001359983472870503
OphioH327chr_4	1675000	1675000	0.0016220534313587164
OphioH327chr_4	1725000	1725000	0.01211661520117902
OphioH327chr_4	1775000	1775000	0.004492472868749584
OphioH327chr_4	1825000	1825000	0.003877063799417442
OphioH327chr_4	1875000	1875000	0.0013242239451894586
OphioH327chr_4	1925000	1925000	0.002290313301098854
OphioH327chr_4	1975000	1975000	0.0021434327173591996
OphioH327chr_4	2025000	2025000	0.00253887488187101
OphioH327chr_4	2075000	2075000	0.0017225887820361888
OphioH327chr_4	2125000	2125000	0.003418953075249717
OphioH327chr_4	2175000	2175000	0.006425048747687562
OphioH327chr_4	2225000	2225000	0.010514821263863458
OphioH327chr_4	2275000	2275000	0.007677657980158842
OphioH327chr_4	2325000	2325000	0.0066586912329316605
OphioH327chr_4	2375000	2375000	0.004853928627736395
OphioH327chr_4	2425000	2425000	0.00662893704376493
OphioH327chr_4	2475000	2475000	0.007963288743282884
OphioH327chr_4	2525000	2525000	0.013636579002998268
OphioH327chr_4	2575000	2575000	0.009624720533290483
OphioH327chr_4	2625000	2625000	0.0077366266828984365
OphioH327chr_4	2675000	2675000	0.006022426540033997
OphioH327chr_4	2725000	2725000	0.007413300962469934
OphioH327chr_4	2775000	2775000	0.010015688726880663
OphioH327chr_4	2825000	2825000	0.00798900849334338
OphioH327chr_4	2875000	2875000	0.01097535651263477
OphioH327chr_4	2925000	2925000	0.013775175630511088
OphioH327chr_4	2975000	2975000	0.01224635195670816
OphioH327chr_4	3025000	3025000	0.010077531371035309
OphioH327chr_4	3075000	3075000	0.011293873381148935
OphioH327chr_4	3125000	3125000	0.007883267281707016
OphioH327chr_4	3175000	3175000	0.0022095130561469527
OphioH327chr_4	3225000	3225000	0.011549651223541258
OphioH327chr_4	3275000	3275000	0.013030062218751262
OphioH327chr_4	3325000	3325000	0.016396099354810043
OphioH327chr_5	25000	25000	0.00603878374543317
OphioH327chr_5	75000	75000	0.024162735298369712
OphioH327chr_5	125000	125000	0.004181989228540095
OphioH327chr_5	175000	175000	0.0016161149221914542
OphioH327chr_5	225000	225000	0.002615949607835047
OphioH327chr_5	275000	275000	0.003157857243115331
OphioH327chr_5	325000	325000	0.003379025506063954
OphioH327chr_5	375000	375000	0.003807619765572109
OphioH327chr_5	425000	425000	0.005458693955242707
OphioH327chr_5	475000	475000	0.004327216305566174
OphioH327chr_5	525000	525000	0.0036907742944142967
OphioH327chr_5	575000	575000	0.0037230923147739915
OphioH327chr_5	625000	625000	0.006460928647202013
OphioH327chr_5	675000	675000	0.007396131878013165
OphioH327chr_5	725000	725000	0.010158685004413606
OphioH327chr_5	775000	775000	0.01004140275922425
OphioH327chr_5	825000	825000	0.011363951717128765
OphioH327chr_5	875000	875000	0.008032746609605462
OphioH327chr_5	925000	925000	0.005715891013138066
OphioH327chr_5	975000	975000	0.0036617909265785663
OphioH327chr_5	1025000	1025000	0.005665631417285226
OphioH327chr_5	1075000	1075000	0.006312789877042849
OphioH327chr_5	1125000	1125000	0.0033419688628834707
OphioH327chr_5	1175000	1175000	0.010774889773410547
OphioH327chr_5	1225000	1225000	0.004727155447596525
OphioH327chr_5	1275000	1275000	0.0031336926188801797
OphioH327chr_5	1325000	1325000	0.0034229321636032968
OphioH327chr_5	1375000	1375000	0.004608142989805189
OphioH327chr_5	1425000	1425000	0.005892393277399129
OphioH327chr_5	1475000	1475000	0.004615994249460254
OphioH327chr_5	1525000	1525000	0.002576744385261117
OphioH327chr_5	1575000	1575000	0.0027371278847217757
OphioH327chr_5	1625000	1625000	0.0050216115677127054
OphioH327chr_5	1675000	1675000	0.009367338522870304
OphioH327chr_5	1775000	1775000	0.020980616707128953
OphioH327chr_5	1825000	1825000	0.009137336862416374
OphioH327chr_5	1875000	1875000	0.008869797046490368
OphioH327chr_5	1925000	1925000	0.012575267321779321
OphioH327chr_5	1975000	1975000	0.0038926960336114827
OphioH327chr_5	2025000	2025000	0.008162564665792743
OphioH327chr_5	2075000	2075000	0.007263970002144161
OphioH327chr_5	2125000	2125000	0.007815962907031924
OphioH327chr_5	2175000	2175000	0.00958472613288017
OphioH327chr_5	2225000	2225000	0.008448913143648467
OphioH327chr_5	2275000	2275000	0.0025806547948269763
OphioH327chr_5	2325000	2325000	0.0012329617822377725
OphioH327chr_5	2375000	2375000	0.0061386835653429945
OphioH327chr_5	2425000	2425000	0.0052762052712959865
OphioH327chr_5	2475000	2475000	0.008871369787279057
OphioH327chr_5	2525000	2525000	0.01370772036549742
OphioH327chr_5	2575000	2575000	0.022419947200020312
OphioH327chr_5	2625000	2625000	0.0030657548047536135
OphioH327chr_5	2675000	2675000	0.003270442292790194
OphioH327chr_5	2725000	2725000	0.003938004391780448
OphioH327chr_5	2775000	2775000	0.0012652991299628628
OphioH327chr_6	75000	75000	0.0009650381590034401
OphioH327chr_6	125000	125000	0.0040813888869218285
OphioH327chr_6	175000	175000	0.0016376252829650641
OphioH327chr_6	225000	225000	0.0008267745019214333
OphioH327chr_6	275000	275000	0.0006120753016469804
OphioH327chr_6	325000	325000	0.0013600369128021453
OphioH327chr_6	375000	375000	0.0077748899999801465
OphioH327chr_6	425000	425000	0.009705860649213702
OphioH327chr_6	475000	475000	0.0100621472723411
OphioH327chr_6	525000	525000	0.015799833629030643
OphioH327chr_6	575000	575000	0.013561535822230282
OphioH327chr_6	625000	625000	0.007071768516983268
OphioH327chr_6	675000	675000	0.0072428424203902055
OphioH327chr_6	725000	725000	0.011282535659354364
OphioH327chr_6	775000	775000	0.00949722033708422
OphioH327chr_6	825000	825000	0.004824436839213458
OphioH327chr_6	875000	875000	0.0036954438424396325
OphioH327chr_6	925000	925000	0.004271038805805606
OphioH327chr_6	975000	975000	0.002209764560030728
OphioH327chr_6	1025000	1025000	0.0005096176785669149
OphioH327chr_6	1075000	1075000	0.0008328078509963831
OphioH327chr_6	1125000	1125000	0.0004021062873164155
OphioH327chr_6	1175000	1175000	0.0007869408160205384
OphioH327chr_6	1225000	1225000	0.000854036058730363
OphioH327chr_6	1275000	1275000	0.0017730120539080434
OphioH327chr_6	1325000	1325000	0.006179597497253954
OphioH327chr_6	1375000	1375000	0.002178077706841842
OphioH327chr_6	1425000	1425000	0.005299616319228158
OphioH327chr_6	1475000	1475000	0.004013061813759038
OphioH327chr_6	1525000	1525000	0.005418266824256586
OphioH327chr_6	1575000	1575000	0.005768466855341994
OphioH327chr_6	1625000	1625000	0.0076683610993234464
OphioH327chr_6	1675000	1675000	0.003480330895025089
OphioH327chr_6	1725000	1725000	0.003886276025974673
OphioH327chr_6	1775000	1775000	0.00433345985794657
OphioH327chr_6	1825000	1825000	0.004658908419216692
OphioH327chr_6	1875000	1875000	0.0020418459351933395
OphioH327chr_6	1925000	1925000	0.002187496450062252
OphioH327chr_6	1975000	1975000	0.0016259382431515956
OphioH327chr_6	2025000	2025000	0.0014988777674482408
OphioH327chr_6	2075000	2075000	0.0016789874942477164
OphioH327chr_6	2125000	2125000	0.002827416348172279
OphioH327chr_6	2175000	2175000	0.00443475145318205
OphioH327chr_6	2225000	2225000	0.006719478613116734
OphioH327chr_6	2275000	2275000	0.004886306220191339
OphioH327chr_6	2325000	2325000	0.0034791242033205723
OphioH327chr_6	2375000	2375000	0.0030182574272138627
OphioH327chr_6	2425000	2425000	0.004059745502538748
OphioH327chr_6	2475000	2475000	0.0032120162923031294
OphioH327chr_6	2525000	2525000	0.004393256406982147
OphioH327chr_6	2575000	2575000	0.0028197738700414094
OphioH327chr_6	2625000	2625000	0.0031100640953266013
OphioH327chr_6	2675000	2675000	0.0015980168919271724
OphioH327chr_6	2725000	2725000	0.003159419979538887
OphioH327chr_7	75000	75000	0.00279160073282389
OphioH327chr_7	125000	125000	0.008959838271341577
OphioH327chr_7	175000	175000	0.017194686604409953
OphioH327chr_7	225000	225000	0.012167470911536275
OphioH327chr_7	275000	275000	0.005541959931423472
OphioH327chr_7	325000	325000	0.02194290385423585
OphioH327chr_7	375000	375000	0.007838733862914856
OphioH327chr_7	425000	425000	0.006837500104581172
OphioH327chr_7	475000	475000	0.0044113056515799574
OphioH327chr_7	525000	525000	0.003656805728310264
OphioH327chr_7	575000	575000	0.005118413665595308
OphioH327chr_7	625000	625000	0.0020548424807772508
OphioH327chr_7	675000	675000	0.0014201242813934774
OphioH327chr_7	725000	725000	0.00186202924179379
OphioH327chr_7	775000	775000	0.00587704819795363
OphioH327chr_7	825000	825000	0.0017018409911813937
OphioH327chr_7	875000	875000	0.0018477819220322077
OphioH327chr_7	925000	925000	0.002073439736380197
OphioH327chr_7	975000	975000	0.002250946607741523
OphioH327chr_7	1025000	1025000	0.0025153074959447046
OphioH327chr_7	1075000	1075000	0.0036541348884106344
OphioH327chr_7	1125000	1125000	0.002063732231626525
OphioH327chr_7	1175000	1175000	0.0015037304461799704
OphioH327chr_7	1225000	1225000	0.0030420391991995855
OphioH327chr_7	1275000	1275000	0.002543398805917226
OphioH327chr_7	1325000	1325000	0.004749656769690314
OphioH327chr_7	1375000	1375000	0.0064578665195049135
OphioH327chr_7	1425000	1425000	0.0033279915658766352
OphioH327chr_7	1475000	1475000	0.003482854273627065
OphioH327chr_7	1525000	1525000	0.001207477451610534
OphioH327chr_7	1575000	1575000	0.0008714909784002717
OphioH327chr_7	1625000	1625000	0.0012997798705250752
OphioH327chr_7	1675000	1675000	0.001913161546945162
OphioH327chr_7	1725000	1725000	0.001614425430834444
OphioH327chr_7	1775000	1775000	0.0028482308448419856
OphioH327chr_7	1825000	1825000	0.003304833691433766
OphioH327chr_7	1875000	1875000	0.007498704298694278
OphioH327chr_7	1925000	1925000	0.010921731964372964
OphioH327chr_7	1975000	1975000	0.00875711893347098
OphioH327chr_7	2025000	2025000	0.006397522651202051
OphioH327chr_7	2075000	2075000	0.007934536917339021
OphioH327chr_7	2125000	2125000	0.006589577631389847
OphioH327chr_7	2175000	2175000	0.00797756705682868
OphioH327chr_7	2275000	2275000	0.003740020707929671
OphioH327chr_7	2325000	2325000	0.009646901402172888
OphioH327chr_7	2375000	2375000	0.013303566546533398
OphioH327chr_7	2425000	2425000	0.007189049421915097
OphioH327chr_7	2475000	2475000	0.012219803738774
OphioH327chr_7	2525000	2525000	0.004879602037101067
OphioH327chr_7	2575000	2575000	0.0057229685365029394
OphioH327chr_7	2625000	2625000	0.005127867121667586
OphioH327chr_7	2675000	2675000	0.013618409845531268
OphioH327chr_7	2725000	2725000	0.0007813992980748271
OphioH327chr_8	75000	75000	0.0005834984577844624
OphioH327chr_8	125000	125000	0.0005535421791749473
OphioH327chr_8	175000	175000	0.0038667929986251244
OphioH327chr_8	225000	225000	0.0037551885389823423
OphioH327chr_8	275000	275000	0.013865136861571708
OphioH327chr_8	325000	325000	0.006866405857528683
OphioH327chr_8	375000	375000	0.0058879774899733665
OphioH327chr_8	425000	425000	0.0075298533013573666
OphioH327chr_8	575000	575000	0.011373598402081913
OphioH327chr_8	625000	625000	0.016787108590320253
OphioH327chr_8	675000	675000	0.015371348232783416
OphioH327chr_8	725000	725000	0.017225248368303393
OphioH327chr_8	775000	775000	0.007039484161737197
OphioH327chr_8	825000	825000	0.009480297666255124
OphioH327chr_8	875000	875000	0.007597534672738972
OphioH327chr_8	925000	925000	0.005874552524152008
OphioH327chr_8	975000	975000	0.00499754358983287
OphioH327chr_8	1025000	1025000	0.0026261583011025387
OphioH327chr_8	1075000	1075000	0.002140003990838052
OphioH327chr_8	1125000	1125000	0.004493726542940427
OphioH327chr_8	1175000	1175000	0.003917691533988619
OphioH327chr_8	1225000	1225000	0.009089760045791031
OphioH327chr_8	1275000	1275000	0.005910154485907789
OphioH327chr_8	1325000	1325000	0.0038161144523773866
OphioH327chr_8	1375000	1375000	0.0059911166832069575
OphioH327chr_8	1425000	1425000	0.005225149868734517
OphioH327chr_8	1475000	1475000	0.005589560463565508
OphioH327chr_8	1575000	1575000	0.018612312062411714
OphioH327chr_8	1625000	1625000	0.010357126396891379
OphioH327chr_8	1675000	1675000	0.006966566618818289
OphioH327chr_8	1725000	1725000	0.004863385571961592
OphioH327chr_8	1775000	1775000	0.007543485416947508
OphioH327chr_8	1825000	1825000	0.004173588605872589
OphioH327chr_8	1875000	1875000	0.0006860089274441263
OphioH327chr_8	1925000	1925000	0.005667294276743453
OphioH327chr_8	1975000	1975000	0.011593965957050976
OphioH327chr_8	2025000	2025000	0.01817194932912136
OphioH327chr_8	2075000	2075000	0.026566813568453904
OphioH327chr_8	2125000	2125000	0.01707719100873688
OphioH327chr_8	2175000	2175000	0.016784838213919084
OphioH327chr_8	2225000	2225000	0.0191351573966502
OphioH327chr_8	2275000	2275000	0.008869595495362854
OphioH327chr_8	2325000	2325000	0.00198155681646876
OphioH327chr_8	2375000	2375000	0.002976672343422312
OphioH327chr_8	2425000	2425000	0.004582147093109489
OphioH327chr_8	2475000	2475000	0.0020580045898780956
