OphioH327chr_1	75000	75000	0.008263688544734221
OphioH327chr_1	125000	125000	0.008871450577637744
OphioH327chr_1	175000	175000	0.011139941385201734
OphioH327chr_1	225000	225000	0.011897341485318073
OphioH327chr_1	275000	275000	0.010663856886978327
OphioH327chr_1	325000	325000	0.009491747314248955
OphioH327chr_1	375000	375000	0.010525235600789282
OphioH327chr_1	425000	425000	0.012752698635659572
OphioH327chr_1	475000	475000	0.009517303076189093
OphioH327chr_1	525000	525000	0.0015145200768010686
OphioH327chr_1	575000	575000	0.0014075421028675466
OphioH327chr_1	625000	625000	0.0011424248837649633
OphioH327chr_1	675000	675000	0.0010841336419890487
OphioH327chr_1	725000	725000	0.0010282148095968175
OphioH327chr_1	775000	775000	0.0010996209675722313
OphioH327chr_1	825000	825000	0.0007138996183362745
OphioH327chr_1	875000	875000	0.0009335704576829139
OphioH327chr_1	925000	925000	0.0011616759878038594
OphioH327chr_1	975000	975000	0.0008604739538497071
OphioH327chr_1	1025000	1025000	0.0032484648934796643
OphioH327chr_1	1075000	1075000	0.0007377130939426913
OphioH327chr_1	1125000	1125000	0.000992950981230493
OphioH327chr_1	1175000	1175000	0.0007267156392297796
OphioH327chr_1	1225000	1225000	0.0008209890873438765
OphioH327chr_1	1275000	1275000	0.0004831670490572334
OphioH327chr_1	1325000	1325000	0.0009816753962498706
OphioH327chr_1	1375000	1375000	0.000739357487237663
OphioH327chr_1	1425000	1425000	0.0004771221583297265
OphioH327chr_1	1475000	1475000	0.001152868555917481
OphioH327chr_1	1525000	1525000	0.00025058091133004927
OphioH327chr_1	1575000	1575000	0.0004141212312882142
OphioH327chr_1	1625000	1625000	0.0013531375659187263
OphioH327chr_1	1675000	1675000	0.0018214520808609894
OphioH327chr_1	1725000	1725000	0.0019766407447973713
OphioH327chr_1	1775000	1775000	0.002300987193437683
OphioH327chr_1	1825000	1825000	0.0022209624203177176
OphioH327chr_1	1875000	1875000	0.0024182215408358036
OphioH327chr_1	1925000	1925000	0.002534193799282384
OphioH327chr_1	1975000	1975000	0.0023438504131388354
OphioH327chr_1	2025000	2025000	0.002709840087804676
OphioH327chr_1	2075000	2075000	0.0021086530013159225
OphioH327chr_1	2125000	2125000	0.0022003731589226136
OphioH327chr_1	2175000	2175000	0.001937642359508121
OphioH327chr_1	2225000	2225000	0.001753930265654649
OphioH327chr_1	2275000	2275000	0.0016976127865145443
OphioH327chr_1	2325000	2325000	0.0015564911252546896
OphioH327chr_1	2375000	2375000	0.0004270815915229587
OphioH327chr_1	2425000	2425000	0.0003345697896361274
OphioH327chr_1	2475000	2475000	0.0006099076026810882
OphioH327chr_1	2525000	2525000	0.00023153830946221634
OphioH327chr_1	2575000	2575000	0.00018780763758583007
OphioH327chr_1	2625000	2625000	0.00014883244206773618
OphioH327chr_1	2675000	2675000	0.0009381309134308702
OphioH327chr_1	2725000	2725000	0.001260915012017409
OphioH327chr_1	2775000	2775000	0.0004884451421455634
OphioH327chr_1	2825000	2825000	0.0004382355548260013
OphioH327chr_1	2875000	2875000	0.0003922504191466175
OphioH327chr_1	2925000	2925000	0.00048607689045936396
OphioH327chr_1	2975000	2975000	0.000264403202927451
OphioH327chr_1	3025000	3025000	0.0004996037185413456
OphioH327chr_1	3075000	3075000	0.0003518685322928098
OphioH327chr_1	3125000	3125000	0.00029496620970881744
OphioH327chr_1	3175000	3175000	0.0001780147885241053
OphioH327chr_1	3225000	3225000	0.00018350936627326283
OphioH327chr_1	3275000	3275000	0.00013179633530338044
OphioH327chr_1	3325000	3325000	0.00015514640799625432
OphioH327chr_1	3375000	3375000	0.00012653713785119828
OphioH327chr_1	3425000	3425000	0.00016068120895184368
OphioH327chr_1	3475000	3475000	0.0001655186238893509
OphioH327chr_1	3525000	3525000	0.00017030650408255595
OphioH327chr_1	3575000	3575000	0.000299455523031264
OphioH327chr_1	3625000	3625000	0.0001898520717534108
OphioH327chr_1	3675000	3675000	0.00012198444490047198
OphioH327chr_1	3725000	3725000	0.00012892470432826272
OphioH327chr_1	3775000	3775000	0.0003056921338247572
OphioH327chr_1	3825000	3825000	0.00014945030539743217
OphioH327chr_1	3875000	3875000	0.00018440228400377247
OphioH327chr_1	3925000	3925000	0.00013878959113895544
OphioH327chr_1	3975000	3975000	0.0007200422311406279
OphioH327chr_1	4025000	4025000	9.638029575489737e-05
OphioH327chr_1	4075000	4075000	0.00020707070018900268
OphioH327chr_1	4125000	4125000	0.00017039652166607155
OphioH327chr_1	4175000	4175000	0.00015745194778067883
OphioH327chr_1	4225000	4225000	0.000134261701566966
OphioH327chr_1	4275000	4275000	0.000372381294816215
OphioH327chr_1	4325000	4325000	0.00027911450428647603
OphioH327chr_1	4375000	4375000	0.00020284697182668216
OphioH327chr_1	4425000	4425000	0.0008595106348334046
OphioH327chr_1	4475000	4475000	0.0004541310871335505
OphioH327chr_1	4525000	4525000	0.00034606203734166807
OphioH327chr_1	4575000	4575000	0.00026942785711346146
OphioH327chr_1	4625000	4625000	0.00027451401582530825
OphioH327chr_1	4675000	4675000	0.00015491549325552875
OphioH327chr_1	4725000	4725000	0.00015875478728910052
OphioH327chr_1	4775000	4775000	0.00014233697761271882
OphioH327chr_1	4825000	4825000	0.0001221774881861898
OphioH327chr_1	4875000	4875000	0.00012029493173307284
OphioH327chr_1	4925000	4925000	0.00011479394513161416
OphioH327chr_1	4975000	4975000	0.00015614658359293872
OphioH327chr_1	5025000	5025000	0.00018948873121869781
OphioH327chr_1	5075000	5075000	0.0003665683695765269
OphioH327chr_1	5125000	5125000	0.0012565907487423551
OphioH327chr_1	5175000	5175000	0.0005654656056398205
OphioH327chr_1	5225000	5225000	0.00019120194951262185
OphioH327chr_1	5275000	5275000	0.00018109887184947074
OphioH327chr_1	5325000	5325000	0.00020770540905740725
OphioH327chr_1	5375000	5375000	0.00017122745673833246
OphioH327chr_1	5425000	5425000	0.0001452170901159268
OphioH327chr_1	5475000	5475000	0.0001454818773425594
OphioH327chr_1	5525000	5525000	0.00018277756713355338
OphioH327chr_1	5575000	5575000	0.0001963823452655387
OphioH327chr_1	5625000	5625000	0.0003143242265881678
OphioH327chr_1	5675000	5675000	0.0003571546552645644
OphioH327chr_1	5725000	5725000	0.0006805907127891564
OphioH327chr_1	5775000	5775000	0.0008941618755144683
OphioH327chr_1	5825000	5825000	0.0013325163596444253
OphioH327chr_1	5875000	5875000	0.0007972873066515891
OphioH327chr_1	5925000	5925000	0.0020515004277338452
OphioH327chr_1	5975000	5975000	0.002010581616773824
OphioH327chr_1	6025000	6025000	0.00229887557322563
OphioH327chr_1	6075000	6075000	0.0006606029529211803
OphioH327chr_1	6125000	6125000	0.0009937473911625632
OphioH327chr_1	6175000	6175000	0.0002479664014750572
OphioH327chr_1	6225000	6225000	0.00022433447677386423
OphioH327chr_1	6275000	6275000	0.0003235994167383505
OphioH327chr_1	6325000	6325000	0.0013940876651438448
OphioH327chr_1	6375000	6375000	0.001129925362178034
OphioH327chr_1	6425000	6425000	0.0008374841257651886
OphioH327chr_1	6475000	6475000	0.0032285368302406646
OphioH327chr_1	6525000	6525000	0.0022718621846871878
OphioH327chr_1	6575000	6575000	0.0022617029381307237
OphioH327chr_1	6625000	6625000	0.0022868089519902275
OphioH327chr_1	6675000	6675000	0.004040439683340277
OphioH327chr_1	6725000	6725000	0.004988569681711922
OphioH327chr_1	6775000	6775000	0.002945874519988457
OphioH327chr_1	6825000	6825000	0.000854039339014383
OphioH327chr_1	6875000	6875000	0.002543356242279678
OphioH327chr_2	75000	75000	9.007348870623535e-05
OphioH327chr_2	125000	125000	0.0009071657365266995
OphioH327chr_2	175000	175000	0.0003249483771187326
OphioH327chr_2	225000	225000	0.0007707432956271393
OphioH327chr_2	275000	275000	0.000755230447598938
OphioH327chr_2	325000	325000	0.0007417078625778188
OphioH327chr_2	375000	375000	0.0012463061497614782
OphioH327chr_2	425000	425000	0.0005818896660837705
OphioH327chr_2	475000	475000	0.0007921922114962704
OphioH327chr_2	525000	525000	0.0008824651806369317
OphioH327chr_2	575000	575000	0.0008384593718634995
OphioH327chr_2	625000	625000	0.0010462452732720323
OphioH327chr_2	675000	675000	0.0006184754159270114
OphioH327chr_2	725000	725000	0.0011664215264187866
OphioH327chr_2	775000	775000	0.0026268211389000656
OphioH327chr_2	825000	825000	0.001485367472372832
OphioH327chr_2	875000	875000	0.0013355250416503836
OphioH327chr_2	925000	925000	0.001076214419399463
OphioH327chr_2	975000	975000	0.0007094841628026791
OphioH327chr_2	1025000	1025000	0.0009218366219581094
OphioH327chr_2	1075000	1075000	0.0019069991877842753
OphioH327chr_2	1125000	1125000	0.0011141687263879106
OphioH327chr_2	1175000	1175000	0.0008805596091205212
OphioH327chr_2	1225000	1225000	0.0012900459469463294
OphioH327chr_2	1275000	1275000	0.0006913284872216782
OphioH327chr_2	1325000	1325000	0.0005073166155584248
OphioH327chr_2	1375000	1375000	0.00034396973705633346
OphioH327chr_2	1425000	1425000	0.0005551030637829463
OphioH327chr_2	1475000	1475000	0.00026956306499336806
OphioH327chr_2	1525000	1525000	0.00016171049854362784
OphioH327chr_2	1575000	1575000	0.0002654864171477045
OphioH327chr_2	1625000	1625000	0.00029026292291308266
OphioH327chr_2	1675000	1675000	0.00014198463612961223
OphioH327chr_2	1725000	1725000	0.00026702247992115247
OphioH327chr_2	1775000	1775000	0.00016770107069915213
OphioH327chr_2	1825000	1825000	0.0007203946605832664
OphioH327chr_2	1875000	1875000	0.0002165431090043452
OphioH327chr_2	1925000	1925000	0.0004778971614417159
OphioH327chr_2	1975000	1975000	0.000347809949402787
OphioH327chr_2	2025000	2025000	0.00018127054294975688
OphioH327chr_2	2075000	2075000	0.00019607774590163935
OphioH327chr_2	2125000	2125000	0.0002778048116110788
OphioH327chr_2	2175000	2175000	0.00022448947840626404
OphioH327chr_2	2225000	2225000	0.00033978085187701715
OphioH327chr_2	2275000	2275000	0.00013279018651483118
OphioH327chr_2	2325000	2325000	0.00043983556721484944
OphioH327chr_2	2375000	2375000	0.00026112164244367634
OphioH327chr_2	2425000	2425000	0.0005913038895486935
OphioH327chr_2	2475000	2475000	0.0002785485890221026
OphioH327chr_2	2525000	2525000	0.00020687090629800307
OphioH327chr_2	2575000	2575000	0.00010320585220974254
OphioH327chr_2	2625000	2625000	0.00016017034572309689
OphioH327chr_2	2675000	2675000	0.00018051312934687838
OphioH327chr_2	2725000	2725000	0.00010999848232848233
OphioH327chr_2	2775000	2775000	0.00034499942819800686
OphioH327chr_2	2825000	2825000	0.0002256491798642534
OphioH327chr_2	2875000	2875000	0.0002670892138786457
OphioH327chr_2	2925000	2925000	0.0002994162409579468
OphioH327chr_2	2975000	2975000	0.00039733694241973907
OphioH327chr_2	3025000	3025000	0.00017134443237255275
OphioH327chr_2	3075000	3075000	0.00018495398371322176
OphioH327chr_2	3125000	3125000	0.0006469287095011977
OphioH327chr_2	3175000	3175000	0.0005812539239768516
OphioH327chr_2	3225000	3225000	0.0003481743909441391
OphioH327chr_2	3275000	3275000	0.0006889620184819853
OphioH327chr_2	3325000	3325000	0.00023872337517609704
OphioH327chr_2	3375000	3375000	0.0004759100746268657
OphioH327chr_2	3425000	3425000	0.000585088066533428
OphioH327chr_2	3475000	3475000	0.00042314971984353525
OphioH327chr_2	3525000	3525000	0.00024233038287361055
OphioH327chr_2	3575000	3575000	0.0016614697896749522
OphioH327chr_2	3625000	3625000	0.0001322197281893906
OphioH327chr_2	3675000	3675000	0.00019556377487818977
OphioH327chr_2	3725000	3725000	0.00012799526339635076
OphioH327chr_2	3775000	3775000	7.71403581667844e-05
OphioH327chr_2	3825000	3825000	0.00013294130870151634
OphioH327chr_2	3875000	3875000	0.0001900378520028285
OphioH327chr_2	3925000	3925000	0.0004783927691549643
OphioH327chr_2	3975000	3975000	0.0010007298320370676
OphioH327chr_2	4025000	4025000	0.0009993389109117462
OphioH327chr_2	4075000	4075000	0.0002520255975831309
OphioH327chr_2	4125000	4125000	0.00010570383634946385
OphioH327chr_2	4175000	4175000	0.0001987677895651095
OphioH327chr_2	4225000	4225000	0.00021946082569751876
OphioH327chr_2	4275000	4275000	0.00012233484488434455
OphioH327chr_2	4325000	4325000	0.00018862847435335378
OphioH327chr_2	4375000	4375000	0.00020076820624333536
OphioH327chr_2	4425000	4425000	0.0002893801399914291
OphioH327chr_2	4475000	4475000	0.00013035329145933599
OphioH327chr_2	4525000	4525000	0.00020909352283602451
OphioH327chr_2	4575000	4575000	0.00030960962690004606
OphioH327chr_2	4625000	4625000	0.00022699914285714286
OphioH327chr_2	4675000	4675000	0.0004972398988366211
OphioH327chr_2	4725000	4725000	0.00017388562583840677
OphioH327chr_2	4775000	4775000	0.00025136946870676663
OphioH327chr_2	4825000	4825000	0.00027454920374805664
OphioH327chr_2	4875000	4875000	0.0003067222685745276
OphioH327chr_2	4925000	4925000	0.0003089414298924008
OphioH327chr_2	4975000	4975000	0.00013188847206950822
OphioH327chr_2	5025000	5025000	0.00018486001739165603
OphioH327chr_2	5075000	5075000	0.0005069229001787082
OphioH327chr_2	5125000	5125000	0.0012136229008298666
OphioH327chr_2	5175000	5175000	0.002331259463279772
OphioH327chr_2	5225000	5225000	0.002507523065570314
OphioH327chr_2	5275000	5275000	0.003415364431069074
OphioH327chr_2	5325000	5325000	0.0052001135185376435
OphioH327chr_2	5375000	5375000	0.007514102510699655
OphioH327chr_2	5425000	5425000	0.007570449409976567
OphioH327chr_2	5475000	5475000	0.006522721949338313
OphioH327chr_2	5525000	5525000	0.006325130886426592
OphioH327chr_2	5575000	5575000	0.00624585986330224
OphioH327chr_2	5625000	5625000	0.005754437743946051
OphioH327chr_2	5675000	5675000	0.0051396744292237445
OphioH327chr_2	5725000	5725000	0.00451049124866156
OphioH327chr_2	5775000	5775000	0.004325693683347006
OphioH327chr_2	5825000	5825000	0.004000565022877479
OphioH327chr_2	5875000	5875000	0.003751550593773403
OphioH327chr_2	5925000	5925000	0.004477771439224459
OphioH327chr_2	5975000	5975000	0.004782974708653608
OphioH327chr_2	6025000	6025000	0.004848392370924938
OphioH327chr_2	6075000	6075000	0.004991215090845966
OphioH327chr_2	6125000	6125000	0.00509939819283294
OphioH327chr_2	6175000	6175000	0.005591077767325181
OphioH327chr_2	6225000	6225000	0.00480621982088046
OphioH327chr_2	6275000	6275000	0.00644349988099617
OphioH327chr_2	6325000	6325000	0.005670084063824594
OphioH327chr_2	6375000	6375000	0.006021271956752058
OphioH327chr_2	6425000	6425000	0.005802590733942862
OphioH327chr_2	6475000	6475000	0.006063701448475066
OphioH327chr_2	6525000	6525000	0.006009993769741859
OphioH327chr_2	6575000	6575000	0.005802479536812254
OphioH327chr_2	6625000	6625000	0.004789593524326888
OphioH327chr_2	6675000	6675000	0.005746275328460896
OphioH327chr_2	6725000	6725000	0.0060510243638106755
OphioH327chr_3	75000	75000	0.002026359901941297
OphioH327chr_3	125000	125000	0.003573255966587112
OphioH327chr_3	175000	175000	0.0006772339465071662
OphioH327chr_3	225000	225000	0.0008545259741660017
OphioH327chr_3	275000	275000	0.0009156394653004994
OphioH327chr_3	325000	325000	0.0012716495903352563
OphioH327chr_3	375000	375000	0.0012889013236801361
OphioH327chr_3	425000	425000	0.0014663162745729937
OphioH327chr_3	475000	475000	0.002667258006930589
OphioH327chr_3	525000	525000	0.0021370858136442674
OphioH327chr_3	575000	575000	0.001012168645091424
OphioH327chr_3	625000	625000	0.00045046542834627944
OphioH327chr_3	675000	675000	0.0006554873727231921
OphioH327chr_3	725000	725000	0.001109994992335207
OphioH327chr_3	775000	775000	0.0009693354474982382
OphioH327chr_3	825000	825000	0.0015614004478017955
OphioH327chr_3	875000	875000	0.0038538768413028703
OphioH327chr_3	925000	925000	0.005702253885800909
OphioH327chr_3	975000	975000	0.002956662598135427
OphioH327chr_3	1025000	1025000	0.0022689417881136954
OphioH327chr_3	1075000	1075000	0.0023970083847258596
OphioH327chr_3	1125000	1125000	0.0009295330384583438
OphioH327chr_3	1175000	1175000	0.0019326307005514546
OphioH327chr_3	1225000	1225000	0.001543630779004985
OphioH327chr_3	1275000	1275000	0.0012391983970841012
OphioH327chr_3	1325000	1325000	0.0010372305159614716
OphioH327chr_3	1375000	1375000	0.0031084754851773487
OphioH327chr_3	1425000	1425000	0.0009387359284042179
OphioH327chr_3	1475000	1475000	0.0006653412444663059
OphioH327chr_3	1525000	1525000	0.0005067099064414638
OphioH327chr_3	1575000	1575000	0.0009535061330817198
OphioH327chr_3	1625000	1625000	0.0011066328955597249
OphioH327chr_3	1675000	1675000	0.0010542152730568775
OphioH327chr_3	1725000	1725000	0.00029925242901415527
OphioH327chr_3	1775000	1775000	0.0006324010951403148
OphioH327chr_3	1825000	1825000	0.00067748475492088
OphioH327chr_3	1875000	1875000	0.0005655302678369545
OphioH327chr_3	1925000	1925000	0.0002543715513390483
OphioH327chr_3	1975000	1975000	0.0003575817428402295
OphioH327chr_3	2025000	2025000	0.0002859913404073667
OphioH327chr_3	2075000	2075000	0.0007371689312078742
OphioH327chr_3	2125000	2125000	0.0006349156454830435
OphioH327chr_3	2175000	2175000	0.0007656003806093842
OphioH327chr_3	2225000	2225000	0.0003684341507339853
OphioH327chr_3	2275000	2275000	0.0005714454322437255
OphioH327chr_3	2325000	2325000	0.0006401133709594664
OphioH327chr_3	2375000	2375000	0.00037786422715039745
OphioH327chr_3	2425000	2425000	0.0006908920573273951
OphioH327chr_3	2475000	2475000	0.0009675326374476051
OphioH327chr_3	2525000	2525000	0.0006930139918027823
OphioH327chr_3	2575000	2575000	0.0002847739888808725
OphioH327chr_3	2625000	2625000	0.0012902673424201182
OphioH327chr_3	2675000	2675000	0.0018744541208623115
OphioH327chr_3	2725000	2725000	0.00033696996726677585
OphioH327chr_3	2775000	2775000	0.00016030638629283488
OphioH327chr_3	2825000	2825000	0.0003968286947185861
OphioH327chr_3	2875000	2875000	0.0005039095568220483
OphioH327chr_3	2925000	2925000	0.0001890754785779398
OphioH327chr_3	2975000	2975000	9.969698139777862e-05
OphioH327chr_3	3025000	3025000	0.0006370038384860297
OphioH327chr_3	3075000	3075000	0.0008440105839716662
OphioH327chr_3	3125000	3125000	0.001193188392765914
OphioH327chr_3	3175000	3175000	0.0009814354115359688
OphioH327chr_3	3225000	3225000	0.0012851938628774767
OphioH327chr_3	3275000	3275000	0.0006252677780780344
OphioH327chr_3	3325000	3325000	0.0005655869978023853
OphioH327chr_3	3375000	3375000	0.001402543279334501
OphioH327chr_3	3425000	3425000	0.0007048666363025137
OphioH327chr_3	3475000	3475000	0.0018949366597938143
OphioH327chr_3	3525000	3525000	0.002516080178634193
OphioH327chr_3	3575000	3575000	0.004152713196176226
OphioH327chr_4	75000	75000	0.00042475802549200566
OphioH327chr_4	125000	125000	0.0006129155556497594
OphioH327chr_4	175000	175000	0.00022885605257578972
OphioH327chr_4	225000	225000	0.0034049449231461962
OphioH327chr_4	275000	275000	0.006155842689386509
OphioH327chr_4	325000	325000	0.0020117528044871795
OphioH327chr_4	375000	375000	0.002935415639964666
OphioH327chr_4	425000	425000	0.0017999323774970494
OphioH327chr_4	475000	475000	0.002746626859310404
OphioH327chr_4	525000	525000	0.0028692185779522856
OphioH327chr_4	575000	575000	0.0016756654088841373
OphioH327chr_4	625000	625000	0.002914903592193627
OphioH327chr_4	675000	675000	0.0013327010038908834
OphioH327chr_4	725000	725000	0.0011074791223034904
OphioH327chr_4	775000	775000	0.0004928686365791629
OphioH327chr_4	825000	825000	0.000179509096781139
OphioH327chr_4	875000	875000	0.0006066719507527431
OphioH327chr_4	925000	925000	0.00019179683465222824
OphioH327chr_4	975000	975000	0.0005816818153597814
OphioH327chr_4	1025000	1025000	0.00014646921086143862
OphioH327chr_4	1075000	1075000	0.00037941270278283706
OphioH327chr_4	1125000	1125000	0.0006022487522004764
OphioH327chr_4	1175000	1175000	0.0006717649219274681
OphioH327chr_4	1225000	1225000	0.0009173588897316579
OphioH327chr_4	1275000	1275000	0.0008890080402214623
OphioH327chr_4	1325000	1325000	0.0008664579513669123
OphioH327chr_4	1375000	1375000	0.001099851203456079
OphioH327chr_4	1425000	1425000	0.0007852491514055163
OphioH327chr_4	1475000	1475000	0.0009264329684665403
OphioH327chr_4	1525000	1525000	0.0008603249658362241
OphioH327chr_4	1575000	1575000	0.00021235072554546405
OphioH327chr_4	1625000	1625000	0.00044599566788529403
OphioH327chr_4	1675000	1675000	0.0005175243185354321
OphioH327chr_4	1725000	1725000	0.002983168385698808
OphioH327chr_4	1775000	1775000	0.0014753304216678187
OphioH327chr_4	1825000	1825000	0.0009989367845514303
OphioH327chr_4	1875000	1875000	0.0005120068329347456
OphioH327chr_4	1925000	1925000	0.0006156009221853255
OphioH327chr_4	1975000	1975000	0.0007488413889621321
OphioH327chr_4	2025000	2025000	0.0009663761665616167
OphioH327chr_4	2075000	2075000	0.0007097191201699207
OphioH327chr_4	2125000	2125000	0.002019193893003091
OphioH327chr_4	2175000	2175000	0.0035898168178070903
OphioH327chr_4	2225000	2225000	0.004080176287083712
OphioH327chr_4	2275000	2275000	0.0030576082091937854
OphioH327chr_4	2325000	2325000	0.002693389643880475
OphioH327chr_4	2375000	2375000	0.0026249830880692897
OphioH327chr_4	2425000	2425000	0.0029798099657929707
OphioH327chr_4	2475000	2475000	0.002877081114790762
OphioH327chr_4	2525000	2525000	0.003151597245478902
OphioH327chr_4	2575000	2575000	0.0020215905826515956
OphioH327chr_4	2625000	2625000	0.0021332047516198706
OphioH327chr_4	2675000	2675000	0.0012963583910943078
OphioH327chr_4	2725000	2725000	0.0020789741923389364
OphioH327chr_4	2775000	2775000	0.0020949517550379036
OphioH327chr_4	2825000	2825000	0.002076519245470135
OphioH327chr_4	2875000	2875000	0.002623626168224299
OphioH327chr_4	2925000	2925000	0.0029929116487123156
OphioH327chr_4	2975000	2975000	0.0028901314527158047
OphioH327chr_4	3025000	3025000	0.0021756327561639104
OphioH327chr_4	3075000	3075000	0.0027869709458754823
OphioH327chr_4	3125000	3125000	0.0020618816130705394
OphioH327chr_4	3175000	3175000	0.0007737039271781534
OphioH327chr_4	3225000	3225000	0.003729728295426755
OphioH327chr_4	3275000	3275000	0.004192782451457356
OphioH327chr_4	3325000	3325000	0.005526048866465442
OphioH327chr_5	75000	75000	0.00706798050046724
OphioH327chr_5	125000	125000	0.0017340976999703664
OphioH327chr_5	175000	175000	0.0006079311987007857
OphioH327chr_5	225000	225000	0.000984168015552691
OphioH327chr_5	275000	275000	0.0007679297830457363
OphioH327chr_5	325000	325000	0.002102034535542042
OphioH327chr_5	375000	375000	0.0024328855045029543
OphioH327chr_5	425000	425000	0.0034341292585790633
OphioH327chr_5	475000	475000	0.0026291694283773494
OphioH327chr_5	525000	525000	0.0022865587125461477
OphioH327chr_5	575000	575000	0.0017983075645075276
OphioH327chr_5	625000	625000	0.0013618773763061816
OphioH327chr_5	675000	675000	0.0012999092611687465
OphioH327chr_5	725000	725000	0.0015935264048887235
OphioH327chr_5	775000	775000	0.0012751344639741243
OphioH327chr_5	825000	825000	0.0010687121726001621
OphioH327chr_5	875000	875000	0.0011388182612583318
OphioH327chr_5	925000	925000	0.0008846809402421687
OphioH327chr_5	975000	975000	0.0005979290312380005
OphioH327chr_5	1025000	1025000	0.0007890475341049602
OphioH327chr_5	1075000	1075000	0.000802381709190204
OphioH327chr_5	1125000	1125000	0.0008262696053200468
OphioH327chr_5	1175000	1175000	0.0013436607077865078
OphioH327chr_5	1225000	1225000	0.0006089563501276991
OphioH327chr_5	1275000	1275000	0.0004113795350366914
OphioH327chr_5	1325000	1325000	0.0005391674884944115
OphioH327chr_5	1375000	1375000	0.0006923427512171273
OphioH327chr_5	1425000	1425000	0.0009068950001020804
OphioH327chr_5	1475000	1475000	0.0006621489427667887
OphioH327chr_5	1525000	1525000	0.0004096554600817552
OphioH327chr_5	1575000	1575000	0.00037198876569961923
OphioH327chr_5	1625000	1625000	0.0010013530184822062
OphioH327chr_5	1675000	1675000	0.0017409663184613882
OphioH327chr_5	1725000	1725000	0.0021552797299295256
OphioH327chr_5	1775000	1775000	0.003028740591663917
OphioH327chr_5	1825000	1825000	0.0018027553473684212
OphioH327chr_5	1875000	1875000	0.001327345996336921
OphioH327chr_5	1925000	1925000	0.0018575850398704467
OphioH327chr_5	1975000	1975000	0.0009161732371364191
OphioH327chr_5	2025000	2025000	0.0015139402187578576
OphioH327chr_5	2075000	2075000	0.0013811863919113328
OphioH327chr_5	2125000	2125000	0.0017516921168917792
OphioH327chr_5	2175000	2175000	0.002431076274826648
OphioH327chr_5	2225000	2225000	0.0021543098174642327
OphioH327chr_5	2275000	2275000	0.0007278037091060639
OphioH327chr_5	2325000	2325000	0.0003220252831780858
OphioH327chr_5	2375000	2375000	0.0031879675716278573
OphioH327chr_5	2425000	2425000	0.0028218925954057437
OphioH327chr_5	2475000	2475000	0.003453582066258365
OphioH327chr_5	2525000	2525000	0.0048865473595249955
OphioH327chr_5	2575000	2575000	0.00629257313726387
OphioH327chr_5	2625000	2625000	0.0007533372815787185
OphioH327chr_5	2675000	2675000	0.0009422376132014306
OphioH327chr_5	2725000	2725000	0.0009909321394423341
OphioH327chr_5	2775000	2775000	0.00034628714347068187
OphioH327chr_6	75000	75000	0.0003765426246394726
OphioH327chr_6	125000	125000	0.0011165419878883078
OphioH327chr_6	175000	175000	0.0004573960740694968
OphioH327chr_6	225000	225000	0.000452248457424928
OphioH327chr_6	275000	275000	0.0005434684169009525
OphioH327chr_6	325000	325000	0.00028857793563707827
OphioH327chr_6	375000	375000	0.0024599249262014407
OphioH327chr_6	425000	425000	0.0068794354049777
OphioH327chr_6	475000	475000	0.007864748084094913
OphioH327chr_6	525000	525000	0.007049115470994534
OphioH327chr_6	575000	575000	0.006541891751511112
OphioH327chr_6	625000	625000	0.005932468483156372
OphioH327chr_6	675000	675000	0.003977437810528082
OphioH327chr_6	725000	725000	0.004380409365974419
OphioH327chr_6	775000	775000	0.0037244663989900034
OphioH327chr_6	825000	825000	0.00222725636099814
OphioH327chr_6	875000	875000	0.001384346896320322
OphioH327chr_6	925000	925000	0.000782656052335153
OphioH327chr_6	975000	975000	0.0005685868873981989
OphioH327chr_6	1025000	1025000	0.00010889039670315948
OphioH327chr_6	1075000	1075000	0.00023638716983351966
OphioH327chr_6	1125000	1125000	0.00014706671484616973
OphioH327chr_6	1175000	1175000	0.00013871037880446683
OphioH327chr_6	1225000	1225000	0.00017191041879468843
OphioH327chr_6	1275000	1275000	0.00042161309949161887
OphioH327chr_6	1325000	1325000	0.0017076602647234402
OphioH327chr_6	1375000	1375000	0.0005603941074236531
OphioH327chr_6	1425000	1425000	0.0011885504403355731
OphioH327chr_6	1475000	1475000	0.0008236850390295587
OphioH327chr_6	1525000	1525000	0.0017863541572200009
OphioH327chr_6	1575000	1575000	0.0028322026076200903
OphioH327chr_6	1625000	1625000	0.002977141088825215
OphioH327chr_6	1675000	1675000	0.002275721275539747
OphioH327chr_6	1725000	1725000	0.0022660944348003673
OphioH327chr_6	1775000	1775000	0.0030374797782921187
OphioH327chr_6	1825000	1825000	0.0024627699995852857
OphioH327chr_6	1875000	1875000	0.0019419000577206747
OphioH327chr_6	1925000	1925000	0.001768138217078794
OphioH327chr_6	1975000	1975000	0.0017205809580690336
OphioH327chr_6	2025000	2025000	0.0017131958129916645
OphioH327chr_6	2075000	2075000	0.0015568003430248176
OphioH327chr_6	2125000	2125000	0.0016506388187023343
OphioH327chr_6	2175000	2175000	0.002216242742005373
OphioH327chr_6	2225000	2225000	0.002293525182854404
OphioH327chr_6	2275000	2275000	0.0022277878432823547
OphioH327chr_6	2325000	2325000	0.0032551726001005194
OphioH327chr_6	2375000	2375000	0.002928802581341302
OphioH327chr_6	2425000	2425000	0.0020854191241995316
OphioH327chr_6	2475000	2475000	0.001989247960848287
OphioH327chr_6	2525000	2525000	0.002729238930395509
OphioH327chr_6	2575000	2575000	0.0023980064832458056
OphioH327chr_6	2625000	2625000	0.002191063834231524
OphioH327chr_6	2675000	2675000	0.0021051117483605647
OphioH327chr_6	2725000	2725000	0.002455450503468338
OphioH327chr_7	75000	75000	0.0019072250512145157
OphioH327chr_7	125000	125000	0.0021451203464645623
OphioH327chr_7	175000	175000	0.0014963679359752164
OphioH327chr_7	225000	225000	0.00145687268432449
OphioH327chr_7	275000	275000	0.0010824895455631067
OphioH327chr_7	325000	325000	0.00275398458768988
OphioH327chr_7	375000	375000	0.001832643839142091
OphioH327chr_7	425000	425000	0.0019316049802158646
OphioH327chr_7	475000	475000	0.0012788926833891452
OphioH327chr_7	525000	525000	0.0012504640006668474
OphioH327chr_7	575000	575000	0.0015481906992030237
OphioH327chr_7	625000	625000	0.000751127468785471
OphioH327chr_7	675000	675000	0.00063444549229068
OphioH327chr_7	725000	725000	0.0007562846665486458
OphioH327chr_7	775000	775000	0.002011796990659147
OphioH327chr_7	825000	825000	0.0007769343434343434
OphioH327chr_7	875000	875000	0.0005816642192211878
OphioH327chr_7	925000	925000	0.0006562882755117161
OphioH327chr_7	975000	975000	0.0008417281624306164
OphioH327chr_7	1025000	1025000	0.0010751562376113673
OphioH327chr_7	1075000	1075000	0.0009893110079844363
OphioH327chr_7	1125000	1125000	0.00048502389162561574
OphioH327chr_7	1175000	1175000	0.00034550297712975235
OphioH327chr_7	1225000	1225000	0.0006195643359200422
OphioH327chr_7	1275000	1275000	0.0004777147655788766
OphioH327chr_7	1325000	1325000	0.0007106425105551705
OphioH327chr_7	1375000	1375000	0.0010863902501113728
OphioH327chr_7	1425000	1425000	0.0004878927613374734
OphioH327chr_7	1475000	1475000	0.0003915899250095327
OphioH327chr_7	1525000	1525000	7.474646184630136e-05
OphioH327chr_7	1575000	1575000	9.45589004965898e-05
OphioH327chr_7	1625000	1625000	0.0001313687751075614
OphioH327chr_7	1675000	1675000	0.00010945601790303999
OphioH327chr_7	1725000	1725000	0.00013617901222098778
OphioH327chr_7	1775000	1775000	0.0002691913546674789
OphioH327chr_7	1825000	1825000	0.00029724174583957484
OphioH327chr_7	1875000	1875000	0.000366074245994345
OphioH327chr_7	1925000	1925000	0.0009644453786772377
OphioH327chr_7	1975000	1975000	0.0012707153315206024
OphioH327chr_7	2025000	2025000	0.001346423566747723
OphioH327chr_7	2075000	2075000	0.0020882959068247516
OphioH327chr_7	2125000	2125000	0.0017164930814091114
OphioH327chr_7	2175000	2175000	0.0021757422093911863
OphioH327chr_7	2225000	2225000	0.0007255590342526254
OphioH327chr_7	2275000	2275000	0.0022587655585380962
OphioH327chr_7	2325000	2325000	0.0035637972619409794
OphioH327chr_7	2375000	2375000	0.0022476865713065754
OphioH327chr_7	2425000	2425000	0.002174097265066976
OphioH327chr_7	2475000	2475000	0.002452911811125765
OphioH327chr_7	2525000	2525000	0.002817772978660924
OphioH327chr_7	2575000	2575000	0.0011053942156554542
OphioH327chr_7	2625000	2625000	0.0006025632668313646
OphioH327chr_7	2675000	2675000	0.001074107090054505
OphioH327chr_7	2725000	2725000	0.0002125523437986346
OphioH327chr_8	75000	75000	0.00020748097660223806
OphioH327chr_8	125000	125000	0.00022089008633176892
OphioH327chr_8	175000	175000	0.0004836700411660926
OphioH327chr_8	225000	225000	0.0010572072660232077
OphioH327chr_8	275000	275000	0.0027700874437610926
OphioH327chr_8	325000	325000	0.0014590844055584146
OphioH327chr_8	375000	375000	0.002022209602669468
OphioH327chr_8	425000	425000	0.0029271186073701987
OphioH327chr_8	475000	475000	0.0022859138538303494
OphioH327chr_8	525000	525000	0.005841468648208469
OphioH327chr_8	575000	575000	0.006459197763557341
OphioH327chr_8	625000	625000	0.010265083541176197
OphioH327chr_8	675000	675000	0.010720629828990615
OphioH327chr_8	725000	725000	0.010166481103521616
OphioH327chr_8	775000	775000	0.008217333735190189
OphioH327chr_8	825000	825000	0.0077286103057209584
OphioH327chr_8	875000	875000	0.006400216640854255
OphioH327chr_8	925000	925000	0.004648231990206218
OphioH327chr_8	975000	975000	0.004261998040074226
OphioH327chr_8	1025000	1025000	0.0034495934677718667
OphioH327chr_8	1075000	1075000	0.00330485645006826
OphioH327chr_8	1125000	1125000	0.002557441982011182
OphioH327chr_8	1175000	1175000	0.002403940406830232
OphioH327chr_8	1225000	1225000	0.0035383839258241196
OphioH327chr_8	1275000	1275000	0.0029554170349945256
OphioH327chr_8	1325000	1325000	0.0015149335687782198
OphioH327chr_8	1375000	1375000	0.0015639776404585736
OphioH327chr_8	1425000	1425000	0.0015030112583193382
OphioH327chr_8	1475000	1475000	0.0013263421186440678
OphioH327chr_8	1525000	1525000	0.0015821531085814361
OphioH327chr_8	1575000	1575000	0.003610596403960012
OphioH327chr_8	1625000	1625000	0.001995039810589017
OphioH327chr_8	1675000	1675000	0.0015257825371353332
OphioH327chr_8	1725000	1725000	0.0009864412701037746
OphioH327chr_8	1775000	1775000	0.0016122357401094926
OphioH327chr_8	1825000	1825000	0.0009041813223576165
OphioH327chr_8	1875000	1875000	0.00016602775689585381
OphioH327chr_8	1925000	1925000	0.0009988171658282996
OphioH327chr_8	1975000	1975000	0.0033017559880547834
OphioH327chr_8	2025000	2025000	0.005382609252061806
OphioH327chr_8	2075000	2075000	0.006278049019176637
OphioH327chr_8	2125000	2125000	0.0042723917676945
OphioH327chr_8	2175000	2175000	0.0038117097636226707
OphioH327chr_8	2225000	2225000	0.00439594756233399
OphioH327chr_8	2275000	2275000	0.003246056353071862
OphioH327chr_8	2325000	2325000	0.0026019640815468682
OphioH327chr_8	2375000	2375000	0.0030092894937105512
OphioH327chr_8	2425000	2425000	0.003593753713970288
OphioH327chr_8	2475000	2475000	0.0024850731972097754
