OphioH327chr_1	75000	75000	0.031871445142088464
OphioH327chr_1	125000	125000	0.03093890993745112
OphioH327chr_1	175000	175000	0.034425126377131084
OphioH327chr_1	225000	225000	0.02568721384910379
OphioH327chr_1	275000	275000	0.030838470210349852
OphioH327chr_1	325000	325000	0.0359957514691203
OphioH327chr_1	375000	375000	0.03373154095125861
OphioH327chr_1	425000	425000	0.03644034808723004
OphioH327chr_1	475000	475000	0.031137720059694424
OphioH327chr_1	525000	525000	0.028338907051881333
OphioH327chr_1	575000	575000	0.03415394999725015
OphioH327chr_1	625000	625000	0.034193606903909005
OphioH327chr_1	675000	675000	0.032287381144821006
OphioH327chr_1	725000	725000	0.0308377417644209
OphioH327chr_1	775000	775000	0.03202505227469869
OphioH327chr_1	825000	825000	0.031645790779022374
OphioH327chr_1	875000	875000	0.035488289051919086
OphioH327chr_1	925000	925000	0.03272728747396941
OphioH327chr_1	975000	975000	0.03155191881512335
OphioH327chr_1	1025000	1025000	0.03649972503344
OphioH327chr_1	1075000	1075000	0.03107280288387486
OphioH327chr_1	1125000	1125000	0.03512319188064682
OphioH327chr_1	1175000	1175000	0.027465167957753
OphioH327chr_1	1225000	1225000	0.031286108848210994
OphioH327chr_1	1275000	1275000	0.03375621772404406
OphioH327chr_1	1325000	1325000	0.029847791967436456
OphioH327chr_1	1375000	1375000	0.031635683168934677
OphioH327chr_1	1425000	1425000	0.03184594066519003
OphioH327chr_1	1475000	1475000	0.035910358557832714
OphioH327chr_1	1525000	1525000	0.038575257646654156
OphioH327chr_1	1575000	1575000	0.04327336826241662
OphioH327chr_1	1625000	1625000	0.02956958521457482
OphioH327chr_1	1675000	1675000	0.0318957063387455
OphioH327chr_1	1725000	1725000	0.0276512777775408
OphioH327chr_1	1775000	1775000	0.03049095854216554
OphioH327chr_1	1825000	1825000	0.029957828861841767
OphioH327chr_1	1875000	1875000	0.032726049255346605
OphioH327chr_1	1925000	1925000	0.03652726128513197
OphioH327chr_1	1975000	1975000	0.0314136620816428
OphioH327chr_1	2025000	2025000	0.0352112969529839
OphioH327chr_1	2075000	2075000	0.03378334927898916
OphioH327chr_1	2125000	2125000	0.028391358463178668
OphioH327chr_1	2175000	2175000	0.03264615015233661
OphioH327chr_1	2225000	2225000	0.031535083912600584
OphioH327chr_1	2275000	2275000	0.029170348443552072
OphioH327chr_1	2325000	2325000	0.032148268675714915
OphioH327chr_1	2375000	2375000	0.03065447557042171
OphioH327chr_1	2425000	2425000	0.031213525644054687
OphioH327chr_1	2475000	2475000	0.030299692550505082
OphioH327chr_1	2525000	2525000	0.03359416162347675
OphioH327chr_1	2575000	2575000	0.03121744299736433
OphioH327chr_1	2625000	2625000	0.02856417602591431
OphioH327chr_1	2675000	2675000	0.03301328265353427
OphioH327chr_1	2725000	2725000	0.03269737648330135
OphioH327chr_1	2775000	2775000	0.030941873859686216
OphioH327chr_1	2825000	2825000	0.031836477171638275
OphioH327chr_1	2875000	2875000	0.03376484583976696
OphioH327chr_1	2925000	2925000	0.03132662359520589
OphioH327chr_1	2975000	2975000	0.030844898683975268
OphioH327chr_1	3025000	3025000	0.03216352550355929
OphioH327chr_1	3075000	3075000	0.03206269636157877
OphioH327chr_1	3125000	3125000	0.029691385404576665
OphioH327chr_1	3175000	3175000	0.030032960877436014
OphioH327chr_1	3225000	3225000	0.030373769528768624
OphioH327chr_1	3275000	3275000	0.03114221294908973
OphioH327chr_1	3325000	3325000	0.03070074429610907
OphioH327chr_1	3375000	3375000	0.03236906518292958
OphioH327chr_1	3425000	3425000	0.03021103636002739
OphioH327chr_1	3475000	3475000	0.031660179255374864
OphioH327chr_1	3525000	3525000	0.032271510970233584
OphioH327chr_1	3575000	3575000	0.028261376692337116
OphioH327chr_1	3625000	3625000	0.030592561739541838
OphioH327chr_1	3675000	3675000	0.029634802165449566
OphioH327chr_1	3725000	3725000	0.031173583940345764
OphioH327chr_1	3775000	3775000	0.030970139891572667
OphioH327chr_1	3825000	3825000	0.029388580013207852
OphioH327chr_1	3875000	3875000	0.031228656502592163
OphioH327chr_1	3925000	3925000	0.030119145827222707
OphioH327chr_1	3975000	3975000	0.02981722799215553
OphioH327chr_1	4025000	4025000	0.03170261804996509
OphioH327chr_1	4075000	4075000	0.038251983875846204
OphioH327chr_1	4125000	4125000	0.0372190119691656
OphioH327chr_1	4175000	4175000	0.029796573589411162
OphioH327chr_1	4225000	4225000	0.029965460954738708
OphioH327chr_1	4275000	4275000	0.03276763458025208
OphioH327chr_1	4325000	4325000	0.029076261260043278
OphioH327chr_1	4375000	4375000	0.031215037305494214
OphioH327chr_1	4425000	4425000	0.029272899210386276
OphioH327chr_1	4475000	4475000	0.02983428958877761
OphioH327chr_1	4525000	4525000	0.032512854556960825
OphioH327chr_1	4575000	4575000	0.03430428977866105
OphioH327chr_1	4625000	4625000	0.03252237188893283
OphioH327chr_1	4675000	4675000	0.03392041913466025
OphioH327chr_1	4725000	4725000	0.03376199424059432
OphioH327chr_1	4775000	4775000	0.03434169603364717
OphioH327chr_1	4825000	4825000	0.032748841008854467
OphioH327chr_1	4875000	4875000	0.033034702301494016
OphioH327chr_1	4925000	4925000	0.0302528567419672
OphioH327chr_1	4975000	4975000	0.03656761578258721
OphioH327chr_1	5025000	5025000	0.039703170730636714
OphioH327chr_1	5075000	5075000	0.03443504945253918
OphioH327chr_1	5125000	5125000	0.03709798436597534
OphioH327chr_1	5175000	5175000	0.03232547720871655
OphioH327chr_1	5225000	5225000	0.03409588100786673
OphioH327chr_1	5275000	5275000	0.03330048580307536
OphioH327chr_1	5325000	5325000	0.036980680784008554
OphioH327chr_1	5375000	5375000	0.03370460426279749
OphioH327chr_1	5425000	5425000	0.033361670556702715
OphioH327chr_1	5475000	5475000	0.03242213624312754
OphioH327chr_1	5525000	5525000	0.03777765546573742
OphioH327chr_1	5575000	5575000	0.04126011295817329
OphioH327chr_1	5625000	5625000	0.034952798237019155
OphioH327chr_1	5675000	5675000	0.036620111504501715
OphioH327chr_1	5725000	5725000	0.037389713829844
OphioH327chr_1	5775000	5775000	0.03866493301121065
OphioH327chr_1	5825000	5825000	0.03495200444077548
OphioH327chr_1	5875000	5875000	0.03414741013129098
OphioH327chr_1	5925000	5925000	0.038887597615641825
OphioH327chr_1	5975000	5975000	0.03665552214952373
OphioH327chr_1	6025000	6025000	0.03457130347291214
OphioH327chr_1	6075000	6075000	0.029876657156314327
OphioH327chr_1	6125000	6125000	0.02916795957480044
OphioH327chr_1	6175000	6175000	0.02940476740126579
OphioH327chr_1	6225000	6225000	0.02996114693206671
OphioH327chr_1	6275000	6275000	0.035965761663105354
OphioH327chr_1	6325000	6325000	0.034610896816637766
OphioH327chr_1	6375000	6375000	0.04286796376117325
OphioH327chr_1	6425000	6425000	0.04949975486516915
OphioH327chr_1	6475000	6475000	0.03802903857219447
OphioH327chr_1	6525000	6525000	0.036998774892116136
OphioH327chr_1	6575000	6575000	0.039565978401870934
OphioH327chr_1	6625000	6625000	0.03569507581598395
OphioH327chr_1	6675000	6675000	0.022415256150585188
OphioH327chr_1	6725000	6725000	0.02319110807772805
OphioH327chr_1	6775000	6775000	0.02768108241819493
OphioH327chr_1	6825000	6825000	0.03628568625452011
OphioH327chr_1	6875000	6875000	0.01879709689140749
OphioH327chr_2	25000	25000	0.026437716510112088
OphioH327chr_2	75000	75000	0.02604071850683172
OphioH327chr_2	125000	125000	0.033739882758185916
OphioH327chr_2	175000	175000	0.03100402035320197
OphioH327chr_2	225000	225000	0.034037336972423136
OphioH327chr_2	275000	275000	0.03398662664279967
OphioH327chr_2	325000	325000	0.033176425071317385
OphioH327chr_2	375000	375000	0.02995132605309108
OphioH327chr_2	425000	425000	0.03470530741031832
OphioH327chr_2	475000	475000	0.035038572163270526
OphioH327chr_2	525000	525000	0.029048360864149827
OphioH327chr_2	575000	575000	0.03238831398205605
OphioH327chr_2	625000	625000	0.036691774415223026
OphioH327chr_2	675000	675000	0.0379146833868507
OphioH327chr_2	725000	725000	0.03441825711749898
OphioH327chr_2	775000	775000	0.034664650054369486
OphioH327chr_2	825000	825000	0.03378798906668793
OphioH327chr_2	875000	875000	0.02884365281747018
OphioH327chr_2	925000	925000	0.029967177396687122
OphioH327chr_2	975000	975000	0.031183582856173415
OphioH327chr_2	1025000	1025000	0.0372005332953131
OphioH327chr_2	1125000	1125000	0.03350731874677633
OphioH327chr_2	1175000	1175000	0.03223792057568096
OphioH327chr_2	1225000	1225000	0.02772924623281636
OphioH327chr_2	1275000	1275000	0.03037701051471086
OphioH327chr_2	1325000	1325000	0.029627240429852816
OphioH327chr_2	1375000	1375000	0.03304514309601977
OphioH327chr_2	1425000	1425000	0.030524758695152778
OphioH327chr_2	1475000	1475000	0.02926417984479827
OphioH327chr_2	1525000	1525000	0.03067827900464017
OphioH327chr_2	1575000	1575000	0.033954173740294864
OphioH327chr_2	1625000	1625000	0.03560598789043053
OphioH327chr_2	1675000	1675000	0.030355479750275836
OphioH327chr_2	1725000	1725000	0.027025158655492543
OphioH327chr_2	1775000	1775000	0.026527596883231454
OphioH327chr_2	1825000	1825000	0.031868981910760694
OphioH327chr_2	1875000	1875000	0.031910976088117875
OphioH327chr_2	1925000	1925000	0.031200194178172956
OphioH327chr_2	1975000	1975000	0.032152483314151804
OphioH327chr_2	2025000	2025000	0.030574231448475153
OphioH327chr_2	2075000	2075000	0.031235645412291502
OphioH327chr_2	2125000	2125000	0.03173811705222973
OphioH327chr_2	2175000	2175000	0.029391950832586174
OphioH327chr_2	2225000	2225000	0.035537079200020805
OphioH327chr_2	2275000	2275000	0.03066330070006538
OphioH327chr_2	2325000	2325000	0.03348450692571524
OphioH327chr_2	2375000	2375000	0.03294273496401364
OphioH327chr_2	2425000	2425000	0.03304403652530889
OphioH327chr_2	2475000	2475000	0.03290568461624491
OphioH327chr_2	2525000	2525000	0.031749533523351116
OphioH327chr_2	2575000	2575000	0.029197146198514663
OphioH327chr_2	2625000	2625000	0.02924993839788595
OphioH327chr_2	2675000	2675000	0.02450029629114606
OphioH327chr_2	2725000	2725000	0.03040458899963846
OphioH327chr_2	2775000	2775000	0.03460835475637685
OphioH327chr_2	2825000	2825000	0.028239807911487468
OphioH327chr_2	2875000	2875000	0.0319272904440792
OphioH327chr_2	2925000	2925000	0.03140192610889266
OphioH327chr_2	2975000	2975000	0.031246213958093343
OphioH327chr_2	3025000	3025000	0.03236118746021475
OphioH327chr_2	3075000	3075000	0.03498984257599917
OphioH327chr_2	3125000	3125000	0.03217099743415104
OphioH327chr_2	3175000	3175000	0.03280153328553484
OphioH327chr_2	3225000	3225000	0.031625924188406915
OphioH327chr_2	3275000	3275000	0.027876166247341204
OphioH327chr_2	3325000	3325000	0.03292638835771239
OphioH327chr_2	3375000	3375000	0.032089797715496346
OphioH327chr_2	3425000	3425000	0.02824459380794437
OphioH327chr_2	3475000	3475000	0.033743618813012154
OphioH327chr_2	3525000	3525000	0.030350750760956887
OphioH327chr_2	3575000	3575000	0.03686058510212296
OphioH327chr_2	3625000	3625000	0.03221576757462632
OphioH327chr_2	3675000	3675000	0.03233318975326024
OphioH327chr_2	3725000	3725000	0.03219574078347364
OphioH327chr_2	3825000	3825000	0.0279268749493489
OphioH327chr_2	3875000	3875000	0.03309125340126657
OphioH327chr_2	3925000	3925000	0.03061441573297866
OphioH327chr_2	3975000	3975000	0.029898839028988943
OphioH327chr_2	4025000	4025000	0.033458626221223316
OphioH327chr_2	4075000	4075000	0.030377112071346697
OphioH327chr_2	4125000	4125000	0.030956158537634157
OphioH327chr_2	4175000	4175000	0.03513417883510624
OphioH327chr_2	4225000	4225000	0.03211511113058807
OphioH327chr_2	4275000	4275000	0.03829679365728298
OphioH327chr_2	4325000	4325000	0.03762564084228233
OphioH327chr_2	4375000	4375000	0.030431503844094213
OphioH327chr_2	4425000	4425000	0.03081885944306463
OphioH327chr_2	4475000	4475000	0.03160817095527742
OphioH327chr_2	4525000	4525000	0.0293168995425436
OphioH327chr_2	4575000	4575000	0.033983460682333815
OphioH327chr_2	4625000	4625000	0.031020739280633567
OphioH327chr_2	4675000	4675000	0.02964290622275289
OphioH327chr_2	4725000	4725000	0.033371463127608574
OphioH327chr_2	4775000	4775000	0.0323547920515315
OphioH327chr_2	4825000	4825000	0.02756316765493048
OphioH327chr_2	4875000	4875000	0.033224717650527015
OphioH327chr_2	4925000	4925000	0.03332519655224944
OphioH327chr_2	4975000	4975000	0.03317251002345227
OphioH327chr_2	5025000	5025000	0.029813300266630444
OphioH327chr_2	5075000	5075000	0.03376763284854709
OphioH327chr_2	5125000	5125000	0.038947312261602106
OphioH327chr_2	5175000	5175000	0.03375953596524714
OphioH327chr_2	5225000	5225000	0.031060852666788808
OphioH327chr_2	5275000	5275000	0.03555223815677763
OphioH327chr_2	5325000	5325000	0.032952170818234726
OphioH327chr_2	5375000	5375000	0.028054776085188953
OphioH327chr_2	5425000	5425000	0.030733223272007996
OphioH327chr_2	5475000	5475000	0.02863568166791811
OphioH327chr_2	5525000	5525000	0.02679959039281194
OphioH327chr_2	5575000	5575000	0.02995618940155223
OphioH327chr_2	5625000	5625000	0.03319035743127314
OphioH327chr_2	5675000	5675000	0.03847724585488529
OphioH327chr_2	5725000	5725000	0.03480493102894284
OphioH327chr_2	5775000	5775000	0.03428358357768183
OphioH327chr_2	5825000	5825000	0.023165855602320203
OphioH327chr_2	5875000	5875000	0.025611708324894986
OphioH327chr_2	5925000	5925000	0.03418634797565263
OphioH327chr_2	6025000	6025000	0.03642145648788051
OphioH327chr_2	6075000	6075000	0.03451046813005172
OphioH327chr_2	6125000	6125000	0.0345908934154557
OphioH327chr_2	6175000	6175000	0.03355749092816529
OphioH327chr_2	6225000	6225000	0.026185825031044236
OphioH327chr_2	6275000	6275000	0.03574686056888105
OphioH327chr_2	6325000	6325000	0.03136930657820786
OphioH327chr_2	6375000	6375000	0.030254872062855483
OphioH327chr_2	6425000	6425000	0.026539041010468476
OphioH327chr_2	6475000	6475000	0.0303383575794053
OphioH327chr_2	6525000	6525000	0.031525870513246255
OphioH327chr_2	6575000	6575000	0.030352002190528197
OphioH327chr_2	6625000	6625000	0.024269661305524173
OphioH327chr_2	6675000	6675000	0.029339792984036113
OphioH327chr_2	6725000	6725000	0.03311063838649106
OphioH327chr_3	75000	75000	0.026924207367463458
OphioH327chr_3	125000	125000	0.03548752694638722
OphioH327chr_3	175000	175000	0.02918803447673071
OphioH327chr_3	225000	225000	0.03422645506843095
OphioH327chr_3	275000	275000	0.03378553514519862
OphioH327chr_3	325000	325000	0.040589292834580314
OphioH327chr_3	375000	375000	0.03257103833330986
OphioH327chr_3	425000	425000	0.027574105048599407
OphioH327chr_3	475000	475000	0.02327948781972842
OphioH327chr_3	525000	525000	0.0207246864392689
OphioH327chr_3	575000	575000	0.029272604295325924
OphioH327chr_3	625000	625000	0.032630315136019473
OphioH327chr_3	675000	675000	0.04169666072314722
OphioH327chr_3	725000	725000	0.03760901294534613
OphioH327chr_3	775000	775000	0.03527589070229963
OphioH327chr_3	825000	825000	0.03065210051850977
OphioH327chr_3	875000	875000	0.03106638234741793
OphioH327chr_3	925000	925000	0.03427388063772578
OphioH327chr_3	975000	975000	0.036200857980067655
OphioH327chr_3	1025000	1025000	0.03720680280196695
OphioH327chr_3	1075000	1075000	0.03487950962344969
OphioH327chr_3	1125000	1125000	0.03324526357012644
OphioH327chr_3	1175000	1175000	0.03487800347789815
OphioH327chr_3	1275000	1275000	0.031467408956530794
OphioH327chr_3	1325000	1325000	0.03416501269185237
OphioH327chr_3	1375000	1375000	0.03486332945889081
OphioH327chr_3	1425000	1425000	0.0276518736304517
OphioH327chr_3	1475000	1475000	0.03419100730840091
OphioH327chr_3	1525000	1525000	0.02948500439431718
OphioH327chr_3	1575000	1575000	0.030073610598317178
OphioH327chr_3	1625000	1625000	0.0333396449571904
OphioH327chr_3	1675000	1675000	0.03390029663966628
OphioH327chr_3	1725000	1725000	0.03519264397874543
OphioH327chr_3	1775000	1775000	0.031190991213552465
OphioH327chr_3	1825000	1825000	0.032421657036199335
OphioH327chr_3	1875000	1875000	0.03157726022891658
OphioH327chr_3	1925000	1925000	0.0295276065017908
OphioH327chr_3	1975000	1975000	0.0316215454222396
OphioH327chr_3	2025000	2025000	0.03136610449547755
OphioH327chr_3	2075000	2075000	0.03006212885435806
OphioH327chr_3	2125000	2125000	0.024218277545646545
OphioH327chr_3	2175000	2175000	0.02773361872495824
OphioH327chr_3	2225000	2225000	0.0372740070703269
OphioH327chr_3	2275000	2275000	0.03928913702476115
OphioH327chr_3	2325000	2325000	0.03986905512435838
OphioH327chr_3	2375000	2375000	0.0330601777754688
OphioH327chr_3	2425000	2425000	0.032712978053749946
OphioH327chr_3	2475000	2475000	0.03262016347342396
OphioH327chr_3	2525000	2525000	0.030252099722391172
OphioH327chr_3	2575000	2575000	0.026359698958068212
OphioH327chr_3	2625000	2625000	0.02860751329465243
OphioH327chr_3	2675000	2675000	0.030717346377283825
OphioH327chr_3	2725000	2725000	0.03491204684944444
OphioH327chr_3	2775000	2775000	0.03684386622143617
OphioH327chr_3	2825000	2825000	0.03517487855692743
OphioH327chr_3	2875000	2875000	0.037462842591308554
OphioH327chr_3	2925000	2925000	0.030183920821137574
OphioH327chr_3	2975000	2975000	0.03248449268016774
OphioH327chr_3	3025000	3025000	0.029277222061952952
OphioH327chr_3	3075000	3075000	0.029534427020640172
OphioH327chr_3	3125000	3125000	0.030646634122101852
OphioH327chr_3	3175000	3175000	0.030563641635321975
OphioH327chr_3	3225000	3225000	0.03401128460603569
OphioH327chr_3	3275000	3275000	0.03257516637118476
OphioH327chr_3	3325000	3325000	0.029192043430802336
OphioH327chr_3	3375000	3375000	0.027535770139362564
OphioH327chr_3	3425000	3425000	0.029977404926642495
OphioH327chr_3	3475000	3475000	0.027320840617156315
OphioH327chr_3	3525000	3525000	0.023666399082158444
OphioH327chr_3	3575000	3575000	0.0330381450681241
OphioH327chr_4	75000	75000	0.03790235000426119
OphioH327chr_4	125000	125000	0.0398111905394587
OphioH327chr_4	175000	175000	0.0393855171007882
OphioH327chr_4	225000	225000	0.04084229438362132
OphioH327chr_4	275000	275000	0.043512103252985795
OphioH327chr_4	325000	325000	0.027770472043514086
OphioH327chr_4	375000	375000	0.027665739489703082
OphioH327chr_4	425000	425000	0.02706345624903682
OphioH327chr_4	475000	475000	0.02967966478304357
OphioH327chr_4	525000	525000	0.025098007835534137
OphioH327chr_4	575000	575000	0.025751046787277666
OphioH327chr_4	625000	625000	0.03400783401193082
OphioH327chr_4	675000	675000	0.03455497509251523
OphioH327chr_4	725000	725000	0.03790838605530091
OphioH327chr_4	775000	775000	0.034605554448517206
OphioH327chr_4	825000	825000	0.03644731305830664
OphioH327chr_4	875000	875000	0.03356139274121955
OphioH327chr_4	925000	925000	0.03131534335747108
OphioH327chr_4	975000	975000	0.03460952114070135
OphioH327chr_4	1025000	1025000	0.03251704482799077
OphioH327chr_4	1075000	1075000	0.03715503013746205
OphioH327chr_4	1125000	1125000	0.03251818068637872
OphioH327chr_4	1175000	1175000	0.03517833900949449
OphioH327chr_4	1225000	1225000	0.03026913034136907
OphioH327chr_4	1275000	1275000	0.03474850607538232
OphioH327chr_4	1325000	1325000	0.0386427132477278
OphioH327chr_4	1375000	1375000	0.035094042353128255
OphioH327chr_4	1425000	1425000	0.03441340730499765
OphioH327chr_4	1475000	1475000	0.030586832964426387
OphioH327chr_4	1525000	1525000	0.03426587587158052
OphioH327chr_4	1575000	1575000	0.030265866094197885
OphioH327chr_4	1625000	1625000	0.04052812627599099
OphioH327chr_4	1675000	1675000	0.0320737053081144
OphioH327chr_4	1725000	1725000	0.03304746534559024
OphioH327chr_4	1775000	1775000	0.027906609899345052
OphioH327chr_4	1825000	1825000	0.029875270620686022
OphioH327chr_4	1875000	1875000	0.031636406621726634
OphioH327chr_4	1925000	1925000	0.029621977021442324
OphioH327chr_4	1975000	1975000	0.03113664713882218
OphioH327chr_4	2025000	2025000	0.03291114469388634
OphioH327chr_4	2075000	2075000	0.032129468584716415
OphioH327chr_4	2125000	2125000	0.03094169146633871
OphioH327chr_4	2175000	2175000	0.029222091824155975
OphioH327chr_4	2225000	2225000	0.035016511505079104
OphioH327chr_4	2275000	2275000	0.033905531833761306
OphioH327chr_4	2325000	2325000	0.03136420413925212
OphioH327chr_4	2375000	2375000	0.03100317694305342
OphioH327chr_4	2425000	2425000	0.03170850163342707
OphioH327chr_4	2475000	2475000	0.027764773150309372
OphioH327chr_4	2525000	2525000	0.02390671997436506
OphioH327chr_4	2575000	2575000	0.031223942873060375
OphioH327chr_4	2625000	2625000	0.02868553950730947
OphioH327chr_4	2675000	2675000	0.034206415947697265
OphioH327chr_4	2725000	2725000	0.03550468425769685
OphioH327chr_4	2775000	2775000	0.028882519852281175
OphioH327chr_4	2825000	2825000	0.03551316847946654
OphioH327chr_4	2875000	2875000	0.03380382489678313
OphioH327chr_4	2925000	2925000	0.03765635559976816
OphioH327chr_4	2975000	2975000	0.03133181634577453
OphioH327chr_4	3025000	3025000	0.033781884096565844
OphioH327chr_4	3075000	3075000	0.03177137135792037
OphioH327chr_4	3125000	3125000	0.036353013956770194
OphioH327chr_4	3175000	3175000	0.03258770794421964
OphioH327chr_4	3225000	3225000	0.03759060902050479
OphioH327chr_4	3275000	3275000	0.03437126974782478
OphioH327chr_4	3325000	3325000	0.02839693306871896
OphioH327chr_5	25000	25000	0.03865258714459245
OphioH327chr_5	75000	75000	0.037264156007264446
OphioH327chr_5	125000	125000	0.02269757481215835
OphioH327chr_5	175000	175000	0.02576738146326395
OphioH327chr_5	225000	225000	0.025703751189345286
OphioH327chr_5	275000	275000	0.026577150373171664
OphioH327chr_5	325000	325000	0.028734194497712508
OphioH327chr_5	375000	375000	0.02926555632479026
OphioH327chr_5	425000	425000	0.028075868317309894
OphioH327chr_5	475000	475000	0.030947176003644886
OphioH327chr_5	525000	525000	0.028028039929968555
OphioH327chr_5	575000	575000	0.03417534119595392
OphioH327chr_5	625000	625000	0.03018358946972645
OphioH327chr_5	675000	675000	0.029956729298341554
OphioH327chr_5	725000	725000	0.03189116929113876
OphioH327chr_5	775000	775000	0.03211287315437549
OphioH327chr_5	825000	825000	0.035342427031471696
OphioH327chr_5	875000	875000	0.03846025458517621
OphioH327chr_5	925000	925000	0.04659936484789919
OphioH327chr_5	975000	975000	0.03475322338726021
OphioH327chr_5	1025000	1025000	0.031040270315712357
OphioH327chr_5	1075000	1075000	0.03510402856543331
OphioH327chr_5	1125000	1125000	0.024869625944204044
OphioH327chr_5	1175000	1175000	0.031506743378291166
OphioH327chr_5	1225000	1225000	0.03221520573159447
OphioH327chr_5	1275000	1275000	0.029661695736489
OphioH327chr_5	1325000	1325000	0.030830548373815644
OphioH327chr_5	1375000	1375000	0.03585476823995673
OphioH327chr_5	1425000	1425000	0.03519513963586382
OphioH327chr_5	1475000	1475000	0.030784119293397205
OphioH327chr_5	1525000	1525000	0.03282467898215067
OphioH327chr_5	1575000	1575000	0.03498500584273011
OphioH327chr_5	1625000	1625000	0.036981800443991075
OphioH327chr_5	1675000	1675000	0.03716492944843304
OphioH327chr_5	1775000	1775000	0.020386288228218963
OphioH327chr_5	1825000	1825000	0.03138879359922551
OphioH327chr_5	1875000	1875000	0.02797243366540341
OphioH327chr_5	1925000	1925000	0.030831156632518487
OphioH327chr_5	1975000	1975000	0.03382594064966408
OphioH327chr_5	2025000	2025000	0.03320292913575493
OphioH327chr_5	2075000	2075000	0.03455822265892171
OphioH327chr_5	2125000	2125000	0.03688853579852634
OphioH327chr_5	2175000	2175000	0.03596971912953612
OphioH327chr_5	2225000	2225000	0.038289715296529137
OphioH327chr_5	2275000	2275000	0.03215807644678719
OphioH327chr_5	2325000	2325000	0.03062533170384674
OphioH327chr_5	2375000	2375000	0.03362485302503295
OphioH327chr_5	2425000	2425000	0.03155145409635004
OphioH327chr_5	2475000	2475000	0.0309646978823913
OphioH327chr_5	2525000	2525000	0.028164660795382126
OphioH327chr_5	2575000	2575000	0.03485222171464907
OphioH327chr_5	2625000	2625000	0.032893894006704345
OphioH327chr_5	2675000	2675000	0.03595520310658863
OphioH327chr_5	2725000	2725000	0.03404526531631371
OphioH327chr_5	2775000	2775000	0.030191287023685863
OphioH327chr_6	75000	75000	0.03689990749910812
OphioH327chr_6	125000	125000	0.04326204978835284
OphioH327chr_6	175000	175000	0.03452261895738633
OphioH327chr_6	225000	225000	0.035822536293048025
OphioH327chr_6	275000	275000	0.038767430654829856
OphioH327chr_6	325000	325000	0.031732620120582124
OphioH327chr_6	375000	375000	0.02190489791263056
OphioH327chr_6	425000	425000	0.025769872969069612
OphioH327chr_6	475000	475000	0.031098956371944125
OphioH327chr_6	525000	525000	0.01837923974523367
OphioH327chr_6	575000	575000	0.02755009318376445
OphioH327chr_6	625000	625000	0.03275769497380132
OphioH327chr_6	675000	675000	0.033953964465175616
OphioH327chr_6	725000	725000	0.030101900774551233
OphioH327chr_6	775000	775000	0.030669413925675654
OphioH327chr_6	825000	825000	0.02926736274810729
OphioH327chr_6	875000	875000	0.036332272000159434
OphioH327chr_6	925000	925000	0.03783991601224975
OphioH327chr_6	975000	975000	0.031080464644942518
OphioH327chr_6	1025000	1025000	0.029471007201131934
OphioH327chr_6	1075000	1075000	0.029931080011348424
OphioH327chr_6	1125000	1125000	0.03241930148939996
OphioH327chr_6	1175000	1175000	0.03163532544251226
OphioH327chr_6	1225000	1225000	0.03513603131824632
OphioH327chr_6	1275000	1275000	0.03319347462956971
OphioH327chr_6	1325000	1325000	0.035398482661230864
OphioH327chr_6	1375000	1375000	0.02880532888413084
OphioH327chr_6	1425000	1425000	0.03627042313696136
OphioH327chr_6	1475000	1475000	0.036000026932387824
OphioH327chr_6	1525000	1525000	0.0294741513013284
OphioH327chr_6	1575000	1575000	0.030263243480482604
OphioH327chr_6	1625000	1625000	0.03537372493991515
OphioH327chr_6	1675000	1675000	0.03928329699054441
OphioH327chr_6	1725000	1725000	0.0347597933504612
OphioH327chr_6	1775000	1775000	0.037489864808698585
OphioH327chr_6	1825000	1825000	0.037278694899366326
OphioH327chr_6	1875000	1875000	0.04172243427772644
OphioH327chr_6	1925000	1925000	0.03961339522961269
OphioH327chr_6	1975000	1975000	0.03348501587291529
OphioH327chr_6	2025000	2025000	0.037780500992745096
OphioH327chr_6	2075000	2075000	0.03304602320767694
OphioH327chr_6	2125000	2125000	0.030001808166677194
OphioH327chr_6	2175000	2175000	0.025266621555490476
OphioH327chr_6	2225000	2225000	0.034377625565012726
OphioH327chr_6	2275000	2275000	0.030341315766965415
OphioH327chr_6	2325000	2325000	0.03705763893202977
OphioH327chr_6	2375000	2375000	0.035137657003265155
OphioH327chr_6	2425000	2425000	0.03050729761352095
OphioH327chr_6	2475000	2475000	0.029443522494549616
OphioH327chr_6	2525000	2525000	0.03290638499438917
OphioH327chr_6	2575000	2575000	0.03631214221539404
OphioH327chr_6	2625000	2625000	0.03321682500708713
OphioH327chr_6	2675000	2675000	0.037478609516548064
OphioH327chr_6	2725000	2725000	0.034676243334807
OphioH327chr_7	75000	75000	0.03520158413097765
OphioH327chr_7	125000	125000	0.035390974859020596
OphioH327chr_7	175000	175000	0.03029485451853592
OphioH327chr_7	225000	225000	0.03687970418644449
OphioH327chr_7	275000	275000	0.04276090732376735
OphioH327chr_7	325000	325000	0.04326725854825557
OphioH327chr_7	375000	375000	0.03635903396244419
OphioH327chr_7	425000	425000	0.035061853591003854
OphioH327chr_7	475000	475000	0.028959873134181222
OphioH327chr_7	525000	525000	0.028497822615532593
OphioH327chr_7	575000	575000	0.03206543639640316
OphioH327chr_7	625000	625000	0.03863529625807265
OphioH327chr_7	675000	675000	0.03680982239942649
OphioH327chr_7	725000	725000	0.031663011803904906
OphioH327chr_7	775000	775000	0.03486815842722006
OphioH327chr_7	825000	825000	0.033668576932914
OphioH327chr_7	875000	875000	0.0340337911762271
OphioH327chr_7	925000	925000	0.03565608749808876
OphioH327chr_7	975000	975000	0.03128881917172538
OphioH327chr_7	1025000	1025000	0.03270727661136349
OphioH327chr_7	1075000	1075000	0.03091152192297403
OphioH327chr_7	1125000	1125000	0.027807037742968322
OphioH327chr_7	1175000	1175000	0.03169803661705801
OphioH327chr_7	1225000	1225000	0.03111237407664728
OphioH327chr_7	1275000	1275000	0.028282451965571494
OphioH327chr_7	1325000	1325000	0.0339078929252818
OphioH327chr_7	1375000	1375000	0.02722189283163984
OphioH327chr_7	1425000	1425000	0.030622273235389304
OphioH327chr_7	1475000	1475000	0.03063303440574976
OphioH327chr_7	1525000	1525000	0.032193838559646935
OphioH327chr_7	1575000	1575000	0.034737822826620315
OphioH327chr_7	1625000	1625000	0.03446746745964371
OphioH327chr_7	1675000	1675000	0.040434501043296045
OphioH327chr_7	1725000	1725000	0.029371381848011743
OphioH327chr_7	1775000	1775000	0.03573129020953988
OphioH327chr_7	1825000	1825000	0.03661234645334949
OphioH327chr_7	1875000	1875000	0.03391425148043456
OphioH327chr_7	1925000	1925000	0.03816384043665569
OphioH327chr_7	1975000	1975000	0.03509086023734219
OphioH327chr_7	2025000	2025000	0.03152117658119999
OphioH327chr_7	2075000	2075000	0.033061716851738615
OphioH327chr_7	2125000	2125000	0.03514279011091052
OphioH327chr_7	2175000	2175000	0.029264448766260213
OphioH327chr_7	2275000	2275000	0.023119183649736048
OphioH327chr_7	2325000	2325000	0.032102686009169365
OphioH327chr_7	2375000	2375000	0.03184266515520276
OphioH327chr_7	2425000	2425000	0.027624302849235928
OphioH327chr_7	2475000	2475000	0.02643598889669092
OphioH327chr_7	2525000	2525000	0.031682907130633674
OphioH327chr_7	2575000	2575000	0.02883799188008604
OphioH327chr_7	2625000	2625000	0.028198469261153897
OphioH327chr_7	2675000	2675000	0.028590246421980037
OphioH327chr_7	2725000	2725000	0.02996092371607738
OphioH327chr_8	75000	75000	0.03984160197797506
OphioH327chr_8	125000	125000	0.03660119294379983
OphioH327chr_8	175000	175000	0.03399017698305848
OphioH327chr_8	225000	225000	0.035441326034839404
OphioH327chr_8	275000	275000	0.03952551577147087
OphioH327chr_8	325000	325000	0.040260153939580316
OphioH327chr_8	375000	375000	0.029183736267410658
OphioH327chr_8	425000	425000	0.027582478019616215
OphioH327chr_8	575000	575000	0.030483297531971657
OphioH327chr_8	625000	625000	0.030146776915508322
OphioH327chr_8	675000	675000	0.033914764194553915
OphioH327chr_8	725000	725000	0.03542617424898642
OphioH327chr_8	775000	775000	0.033428271925740057
OphioH327chr_8	825000	825000	0.03219256736180797
OphioH327chr_8	875000	875000	0.03288194463263005
OphioH327chr_8	925000	925000	0.03323231524028324
OphioH327chr_8	975000	975000	0.03638099674369998
OphioH327chr_8	1025000	1025000	0.03144385583457441
OphioH327chr_8	1075000	1075000	0.03167219513903462
OphioH327chr_8	1125000	1125000	0.031940797701091726
OphioH327chr_8	1175000	1175000	0.033548427053311396
OphioH327chr_8	1225000	1225000	0.029858793455985994
OphioH327chr_8	1275000	1275000	0.032446941971971975
OphioH327chr_8	1325000	1325000	0.028975392306663707
OphioH327chr_8	1375000	1375000	0.03148900664603672
OphioH327chr_8	1425000	1425000	0.031449755770126424
OphioH327chr_8	1475000	1475000	0.03122952299661373
OphioH327chr_8	1575000	1575000	0.02628189223180907
OphioH327chr_8	1625000	1625000	0.03406971513931507
OphioH327chr_8	1675000	1675000	0.03602587130017653
OphioH327chr_8	1725000	1725000	0.03129635908126526
OphioH327chr_8	1775000	1775000	0.03271817139050983
OphioH327chr_8	1825000	1825000	0.032677572402410066
OphioH327chr_8	1875000	1875000	0.031339459761511076
OphioH327chr_8	1925000	1925000	0.03033519753598353
OphioH327chr_8	1975000	1975000	0.023779115311688432
OphioH327chr_8	2025000	2025000	0.014240477070308977
OphioH327chr_8	2075000	2075000	0.028128659067871844
OphioH327chr_8	2125000	2125000	0.024660886804227643
OphioH327chr_8	2175000	2175000	0.025372813138574212
OphioH327chr_8	2225000	2225000	0.019639519650893875
OphioH327chr_8	2275000	2275000	0.02795432762908898
OphioH327chr_8	2325000	2325000	0.038432028942572506
OphioH327chr_8	2375000	2375000	0.03594489143346082
OphioH327chr_8	2425000	2425000	0.046241513413510495
OphioH327chr_8	2475000	2475000	0.03541334515073479
